Statistical Tool for Agricultural Research (STAR)
Fri Sep 13 17:04:47 2013

CLASSICAL MULTIDIMENSIONAL SCALING 


POINTS

           MDS1        MDS2
1    -96.358420  -2.5349255
2    -52.391240  34.1350479
3   -111.388868   3.2641178
4    -64.201761 -13.2168439
5    -92.100112 -28.5797479
6   -121.156900   3.5678417
7    -34.001171 -31.2054322
8      9.407989 -45.0443869
9     84.200618 -33.7733478
10    52.257459 -36.6574427
11    71.912784 -37.9322487
12   -51.213949 -67.1319742
13   -21.428068 -58.1875000
14    56.731317 -28.8120585
15    77.345778 -41.7413129
16   -34.817948 -37.0236539
17    89.564022 -37.1419037
18    90.633575 -38.0980748
19    52.360872 -43.7589912
20   -37.203658 -34.3861593
21   -38.582287 -31.3686386
22    43.380312 -27.3639912
23    66.205483 -29.9235083
24    54.753853 -27.2814484
25    70.163713 -28.0364317
26    56.416331 -32.1247249
27    67.885711 -30.2274713
28    73.458064 -28.8132476
29    74.025919 -26.2554631
30    -9.539649 -52.3054944
31    88.867773 -36.7777399
32    95.177330 -38.7629215
33  -136.640871 -62.4461565
34  -125.332458 -65.5835652
35  -138.216354 -59.7723559
36  -124.345134 -64.0672384
37  -103.301787 -81.7956364
38  -138.434522 -72.5864230
39  -123.751687 -59.6582562
40  -119.719882 -60.1603092
41  -124.974614 -59.2785229
42  -127.140890 -52.4504056
43   -66.832264  35.2286268
44   -38.579644  38.5432485
45   -74.897664  15.9814973
46   -39.872595  31.9942119
47   -73.860902  32.5206201
48   -81.632812  39.7756422
49   -79.147393  30.2543685
50   -34.280734  35.9518444
51   -35.332848  13.2720568
52   -97.967908  35.5122546
53   -69.470606  33.5815322
54   -81.948442  37.5204731
55   -92.676256  26.6519015
56   -63.052200  24.3049727
57   -87.173484   7.0827681
58   -70.168260  30.9351818
59   -86.591869  38.7152710
60   -85.043840  39.7279381
61   -76.342657  29.4437609
62   -78.361706  33.6700503
63   -49.287267  33.4281184
64  -105.746193   0.2717872
65   -26.774281  28.0258194
66   -44.062088 -20.8830352
67   -65.835901  37.0574732
68  -113.966826  42.4444186
69  -159.016400  -6.4269400
70   -84.683040  19.9616182
71    -1.461146  15.2411968
72   -18.075241  24.5358754
73  -141.250091   5.4508057
74  -109.316051  37.2239033
75   -23.962243  28.6948202
76   -95.344379 -14.2853144
77  -103.672292 -10.5500986
78   -73.520236  48.7271047
79     0.996556  33.3518824
80     1.582306  13.8197198
81   -22.141031  29.4127591
82   -62.423211  30.4684148
83     2.191814   2.7808197
84   -17.628035  30.0506949
85   -45.085716  21.9780962
86   -56.684509  31.4211746
87   -63.878534   4.7417095
88   -68.597633  22.7490757
89   -81.749634  26.3668340
90   -48.612063  10.3042370
91   -11.536235  29.8968360
92   -42.487129   8.7210915
93   -44.059160   8.7287453
94    18.105028  16.0231682
95  -101.997919   3.9771385
96   -49.439586  24.1071041
97   -97.452788  24.0020069
98   -51.081678  31.0386093
99    64.339868  -7.7423011
100   75.235835  11.2371819
101   67.069754  -1.1180314
102   49.521772  15.2448112
103   74.724714   0.7707171
104   73.988717  -3.1795004
105   57.837339   3.6312723
106   64.750019  11.5592341
107   58.498647  -5.4314245
108   64.236721  -7.1839476
109   81.183765   8.4774878
110   86.433386  11.8056003
111   64.135075  -2.5790443
112   63.328912  12.4285004
113   73.467328   4.3825500
114   81.340505  10.6582102
115   80.861040  14.8195598
116   72.337668   2.0927471
117   64.985214  14.9689766
118   72.889974   7.7136016
119   66.178363  -1.3375627
120   76.571901  13.7914115
121   79.072103   9.4539329
122   87.533882  17.0775317
123   88.998674  12.9656773
124   85.543654  19.5626329
125  108.430500   8.9352342
126   99.651622   1.1353402
127   97.215070  -3.3260846
128  102.229895   8.8327773
129   85.160137   9.5867103
130  110.791391   6.7008500
131   99.761456   9.4308231
132  109.853350  11.7097978
133  118.498831   8.6327492
134   83.709853   4.5636619
135   80.057754   8.0309242
136   81.199478  17.7408827
137   86.794559  20.8537469
138   61.815074   0.1921052
139   76.950862  10.7271643
140   75.910510   2.1602960
141   52.654918   1.6848366
142   35.371563  22.6885539
143   74.681707  13.6202252
144   81.941898  10.1020827
145   91.010328   7.4169307
146  106.055863  -0.0344937
147   79.308614   9.2897488
148   72.865625  -3.9064941
149   80.291438  18.1987376
150   75.940451   9.9560122
151   75.172551 -20.6981185
152   31.974806 -25.1833192
153   12.315314 -25.3384501


EIGENVALUES
                
1    9.45853e+05
2    1.31013e+05
3    5.77278e+04
4    1.41923e+04
5    9.22722e+03
6    2.70437e+03
7    1.02258e+03
8    7.92045e+02
9    2.73372e+02
10   1.42541e+02
11   1.32221e+02
12   7.14588e+01
13   3.16683e+01
14   1.76511e+01
15   1.30172e+01
16   5.92220e+00
17   1.52705e+00
18   9.55648e-01
19   3.84639e-01
20   1.27035e-01
21   3.55586e-11
22   2.63590e-11
23   2.28444e-11
24   1.06516e-11
25   9.73355e-12
26   9.00933e-12
27   8.42480e-12
28   8.07406e-12
29   8.05607e-12
30   7.36093e-12
31   6.88991e-12
32   5.76747e-12
33   5.75650e-12
34   5.63590e-12
35   5.09243e-12
36   4.88314e-12
37   4.80130e-12
38   4.62306e-12
39   4.58164e-12
40   3.95432e-12
41   3.86734e-12
42   2.99599e-12
43   2.78856e-12
44   2.53370e-12
45   2.51988e-12
46   2.48689e-12
47   2.47975e-12
48   2.43931e-12
49   1.93412e-12
50   1.87502e-12
51   1.85821e-12
52   1.75729e-12
53   1.70080e-12
54   1.68514e-12
55   1.64118e-12
56   1.63814e-12
57   1.63192e-12
58   1.62934e-12
59   1.56431e-12
60   1.54580e-12
61   1.53762e-12
62   1.44444e-12
63   1.39876e-12
64   1.34149e-12
65   1.19542e-12
66   1.13918e-12
67   1.13671e-12
68   9.26103e-13
69   8.97612e-13
70   7.24070e-13
71   6.85655e-13
72   6.78895e-13
73   6.75911e-13
74   5.43380e-13
75   5.19280e-13
76   4.99144e-13
77   4.15090e-13
78   3.88496e-13
79   3.45400e-13
80   2.80383e-13
81   2.02822e-13
82   1.97251e-13
83   1.62545e-13
84   1.54273e-13
85   1.34493e-13
86   1.13767e-13
87   1.07491e-13
88   1.07286e-13
89   5.85632e-14
90   2.41371e-14
91   1.72349e-14
92  -8.24810e-15
93  -3.77243e-14
94  -5.76239e-14
95  -1.67375e-13
96  -2.37376e-13
97  -2.57612e-13
98  -4.14735e-13
99  -4.26172e-13
100 -4.64311e-13
101 -5.68281e-13
102 -5.68863e-13
103 -5.96295e-13
104 -6.57099e-13
105 -7.05626e-13
106 -7.70726e-13
107 -8.92968e-13
108 -9.72872e-13
109 -1.01269e-12
110 -1.08046e-12
111 -1.14523e-12
112 -1.16401e-12
113 -1.16746e-12
114 -1.30866e-12
115 -1.39593e-12
116 -1.48950e-12
117 -1.52633e-12
118 -1.77908e-12
119 -1.88246e-12
120 -1.90143e-12
121 -2.10861e-12
122 -2.12039e-12
123 -2.17513e-12
124 -2.25882e-12
125 -2.35928e-12
126 -2.69783e-12
127 -2.94199e-12
128 -3.02926e-12
129 -3.10077e-12
130 -3.14791e-12
131 -3.17267e-12
132 -3.36291e-12
133 -3.58424e-12
134 -3.90387e-12
135 -3.90541e-12
136 -3.91990e-12
137 -4.46978e-12
138 -4.63687e-12
139 -4.84397e-12
140 -5.13891e-12
141 -5.46484e-12
142 -6.35499e-12
143 -7.14372e-12
144 -7.56632e-12
145 -7.73616e-12
146 -7.96274e-12
147 -8.54946e-12
148 -9.84795e-12
149 -9.90312e-12
150 -2.18385e-11
151 -2.98265e-11
152 -4.15833e-11
153 -4.44950e-11

P_2 criterion: 0.9258