QTL ANALYSIS

Method: Bayesian Interval Mapping

Trait:  T264 

--------------------------------------------------------------------------------------------------------------------------------------------------------------------- 
chr   n.qtl    pos  m.pos  heritability   LPD     LR  deviance  detection  variance  estimate  cellmean_A  cellmean_H  cellmean_B    count  logposterior     BF  nqtl
--------------------------------------------------------------------------------------------------------------------------------------------------------------------- 
1      0.19  81.40  81.40          5.71  2.00   4.60      9.19     0.4381    219.90     19.35      145.30      164.65      178.18    83.06         -1.56   1.23  1.06
12     0.10  54.46  54.46          4.25  1.60   3.69      7.39     0.2784    159.03      0.69      159.42      160.11      178.93    84.45         -1.58   1.26  1.04
13     1.36  26.16  26.16         14.78  4.64  10.69     21.37     0.9797    629.89     49.26      129.51      178.77      169.57  1097.34         -0.59  32.68  1.47
15     0.53  18.79  18.79          8.59  2.81   6.48     12.96     0.8094    328.23     32.60      148.49      181.09      147.12   482.11         -0.88   8.71  1.07
17     0.07  17.34  17.34          4.95  1.80   4.14      8.28     0.3885    183.72     21.61      152.72      174.33      154.25    62.64         -1.73   0.93  1.03
3      0.08  70.84  70.84          4.27  1.61   3.70      7.39     0.2607    160.83     19.46      152.60      172.06      151.06    67.07         -1.69   0.99  1.06
4      0.05  35.32  35.32          3.27  1.33   3.07      6.14     0.1555    122.73      4.57      158.04      162.61      174.07    44.96         -1.84   0.66  1.01
5      1.20  19.22  19.22         20.25  6.39  14.71     29.43     0.9499    918.18    -41.35      204.07      162.72      127.81   807.72         -0.65  16.53  1.30
6      0.51  10.00  10.00          7.11  2.39   5.51     11.03     0.6584    266.96     21.48      143.60      165.08      186.42   315.49         -1.00   5.05  1.26
9      0.05   0.00   0.00          2.24  1.05   2.42      4.85     0.0842     83.99      4.20      164.56      168.77      155.73    29.27         -2.00   0.43  1.05
--------------------------------------------------------------------------------------------------------------------------------------------------------------------- 

Trait:  T264d 

--------------------------------------------------------------------------------------------------------------------------------------------------------------------- 
chr   n.qtl    pos  m.pos  heritability   LPD     LR  deviance  detection  variance  estimate  cellmean_A  cellmean_H  cellmean_B    count  logposterior     BF  nqtl
--------------------------------------------------------------------------------------------------------------------------------------------------------------------- 
1      0.21  81.40  81.40          5.58  1.96   4.51      9.02     0.4200    0.0213    0.1862        1.45        1.63        1.79    91.13         -1.52   1.35  1.07
12     0.09  54.46  54.46          5.37  1.91   4.40      8.80     0.4156    0.0207    0.0250        1.58        1.60        1.82    72.50         -1.65   1.07  1.02
13     1.35  26.16  26.16         14.69  4.61  10.62     21.24     0.9798    0.0622    0.4872        1.30        1.78        1.70  1099.07         -0.59  32.66  1.46
15     0.54  18.79  18.79          8.79  2.87   6.60     13.20     0.8307    0.0334    0.3279        1.49        1.81        1.47   531.28         -0.86   9.96  1.05
17     0.06  11.73  11.73          4.54  1.68   3.88      7.75     0.3230    0.0166    0.2023        1.53        1.73        1.57    53.73         -1.79   0.79  0.99
3      0.08  70.84  70.84          4.48  1.66   3.82      7.65     0.2776    0.0172    0.2078        1.52        1.72        1.50    71.83         -1.64   1.06  1.04
5      1.21  19.22  19.22         20.25  6.38  14.69     29.37     0.9593    0.0915   -0.4130        2.04        1.63        1.27   819.70         -0.64  16.76  1.30
6      0.49  10.00  10.00          7.10  2.39   5.50     11.01     0.6513    0.0264    0.2102        1.44        1.65        1.87   295.72         -1.03   4.70  1.26
9      0.06   0.00   0.00          3.04  1.27   2.92      5.85     0.1362    0.0119    0.0276        1.66        1.69        1.55    32.11         -1.97   0.48  1.03
--------------------------------------------------------------------------------------------------------------------------------------------------------------------- 

Trait:  T264sd 

--------------------------------------------------------------------------------------------------------------------------------------------------------------------- 
chr   n.qtl    pos  m.pos  heritability   LPD     LR  deviance  detection  variance  estimate  cellmean_A  cellmean_H  cellmean_B    count  logposterior     BF  nqtl
--------------------------------------------------------------------------------------------------------------------------------------------------------------------- 
1      0.21  81.40  81.40          5.82  2.02   4.66      9.32     0.4538    0.0370    0.2459     -0.1182      0.1277      0.3194    94.00         -1.51   1.40  1.13
12     0.09  54.46  54.46          4.58  1.69   3.90      7.79     0.2974    0.0281    0.0277      0.0595      0.0872      0.3393    82.43         -1.60   1.23  1.07
13     1.34  26.16  26.16         14.74  4.63  10.66     21.33     0.9689    0.1031    0.6289     -0.3102      0.3187      0.2085  1079.49         -0.59  31.62  1.46
15     0.53  18.79  18.79          8.73  2.85   6.56     13.13     0.8220    0.0551    0.4164     -0.0655      0.3509     -0.0907   506.97         -0.86   9.31  1.06
17     0.06  17.34  17.34          4.08  1.55   3.58      7.16     0.2602    0.0239    0.2390      0.0014      0.2404      0.0373    54.52         -1.78   0.81  1.01
2      0.05   0.00   0.00          2.09  1.01   2.34      4.67     0.0768    0.0130   -0.0051      0.1086      0.1035      0.2596    33.10         -1.97   0.49  1.04
3      0.08  70.84  70.84          4.61  1.70   3.90      7.81     0.2988    0.0291    0.2747     -0.0318      0.2429     -0.0522    63.62         -1.71   0.94  1.03
5      1.21  19.22  19.22         20.03  6.31  14.53     29.07     0.9493    0.1493   -0.5277      0.6388      0.1110     -0.3354   805.15         -0.65  16.52  1.31
6      0.49  10.00  10.00          7.24  2.43   5.60     11.19     0.6672    0.0444    0.2770     -0.1333      0.1437      0.4185   284.20         -1.05   4.50  1.27
9      0.05   0.00   0.00          1.96  0.98   2.25      4.51     0.0683    0.0122    0.0345      0.1550      0.1895      0.0640    25.75         -2.05   0.38  1.03
--------------------------------------------------------------------------------------------------------------------------------------------------------------------- 
