QTL ANALYSIS

Method: Bayesian Interval Mapping

Trait:  T264 

LPD of T264
--------------------------------------- 
chr   n.qtl    pos  m.pos   main    sum
--------------------------------------- 
1      0.19  87.52  87.52   9.99   9.02
2      0.12  10.75  10.75   6.82   5.82
3      0.13  65.74  65.74   8.69   7.71
4      0.12  37.37  37.37   7.08   6.07
5      1.14  19.55  19.55  31.78  30.98
6      0.29  14.09  14.09  11.68  10.71
7      0.06  38.99  38.99   4.64   3.62
9      0.05  14.72  14.72   4.34   3.32
10     0.05  29.31  29.31   4.17   3.14
12     0.13  46.02  46.02  10.57   9.60
13     1.17  26.16  26.16  22.84  21.97
15     0.37  18.79  18.79  13.98  13.03
16     0.05   0.00   0.00   5.30   4.29
17     0.08  17.34  17.34  10.04   9.07
--------------------------------------- 
