QTL ANALYSIS

2logBF of T264
------------------------------------- 
chr   n.qtl    pos  m.pos  main   sum
------------------------------------- 
1      0.19  81.40  81.40  1.54  1.54
2      0.12  15.05  15.05  0.14  0.14
3      0.12  65.74  65.74  0.68  0.68
4      0.11  27.24  27.24  0.02  0.02
5      1.14  19.55  19.55  6.69  6.69
6      0.29  16.14  16.14  3.26  3.26
7      0.06  28.86  28.86  0.00  0.00
9      0.06   6.32   6.32  0.00  0.00
10     0.05  12.37  12.37  0.00  0.00
12     0.13  43.91  43.91  1.36  1.36
13     1.17  26.16  26.16  8.12  8.12
15     0.35  18.79  18.79  4.74  4.74
17     0.08  21.64  21.64  0.59  0.59
------------------------------------- 
