QTL ANALYSIS

Method: Bayesian Interval Mapping

Trait:  T264 

LPD of T264
------------------------------------- 
chr   n.qtl    pos  m.pos  main   sum
------------------------------------- 
1      0.19  81.40  81.40  2.37  2.16
2      0.12  17.19  17.19  1.61  1.39
3      0.11  65.74  65.74  1.88  1.67
4      0.11  27.24  27.24  1.74  1.52
5      1.14  19.55  19.55  6.93  6.75
6      0.28  16.14  16.14  2.62  2.41
7      0.07  24.83  24.83  0.81  0.59
9      0.06   0.00   0.00  1.30  1.08
12     0.13  43.91  43.91  2.32  2.11
13     1.18  26.16  26.16  4.91  4.72
15     0.36  18.79  18.79  3.03  2.82
17     0.08  21.64  21.64  1.87  1.66
------------------------------------- 
LPD of T264 for main,sum 

    n.qtl  pos m.pos  main   sum
1  0.1960 80.6  80.6 2.228 2.017
2  0.1117 17.2  17.2 1.466 1.248
3  0.1113 63.2  63.2 2.035 1.822
4  0.1163 31.3  31.3 1.824 1.608
5  1.1373 19.5  19.5 6.916 6.741
6  0.3063 16.1  16.1 2.599 2.390
7  0.0657 60.1  60.1 1.057 0.835
9  0.0517  0.0   0.0 1.161 0.941
10 0.0533  0.0   0.0 0.920 0.697
11 0.0510 50.2  50.2 0.914 0.691
12 0.1197 43.9  43.9 2.268 2.057
13 1.1587 26.2  26.2 5.031 4.842
15 0.3600 18.8  18.8 3.017 2.812
17 0.0900 17.3  17.3 2.153 1.941
