QTL ANALYSIS

Method: Bayesian Interval Mapping

Trait:  T264 

[1] "setupModel? TRUE"
--------------------------------------------------------------------------------------------------------------------------------------------------------------------- 
chr   n.qtl    pos  m.pos  heritability   LPD     LR  deviance  detection  variance  estimate  cellmean_A  cellmean_H  cellmean_B    count  logposterior     BF  nqtl
--------------------------------------------------------------------------------------------------------------------------------------------------------------------- 
1      0.21  81.40  81.40          5.29  1.88   4.33      8.65     0.3737    204.01     18.38      146.17      164.55      178.17    82.94         -1.56   1.23  1.11
12     0.10  54.46  54.46          4.79  1.75   4.03      8.06     0.3373    178.69     -0.28      159.31      159.03      179.69    83.61         -1.57   1.24  1.06
13     1.35  26.16  26.16         14.76  4.64  10.67     21.35     0.9798    624.56     49.08      129.64      178.72      170.19  1077.61         -0.59  31.30  1.46
15     0.54  18.79  18.79          8.81  2.87   6.61     13.23     0.8330    336.27     32.58      148.64      181.22      146.80   532.45         -0.85   9.94  1.06
17     0.06  17.34  17.34          4.14  1.57   3.62      7.24     0.2705    153.06     19.52      153.39      172.92      155.33    53.42         -1.78   0.79  1.03
2      0.05   0.00   0.00          2.90  1.24   2.85      5.69     0.1238    108.75      2.53      159.41      161.94      176.09    39.82         -1.88   0.59  1.04
3      0.08  70.84  70.84          4.66  1.71   3.94      7.87     0.2925    176.16     21.30      151.94      173.25      150.66    56.92         -1.76   0.84  1.02
5      1.20  19.22  19.22         20.20  6.37  14.66     29.32     0.9580    915.88    -41.31      203.87      162.56      127.61   803.42         -0.65  16.45  1.29
6      0.49  10.00  10.00          7.18  2.41   5.56     11.12     0.6676    270.62     21.78      143.65      165.43      186.59   296.35         -1.03   4.71  1.27
9      0.06   0.00   0.00          2.11  1.02   2.35      4.70     0.0747     77.97      4.77      163.81      168.58      156.97    28.63         -2.01   0.43  1.04
--------------------------------------------------------------------------------------------------------------------------------------------------------------------- 
