	M_0001	M_0002	M_0006	M_0018	M_0022	M_0032	M_0042	M_0053	M_0056	M_0058	M_0062	M_0063	M_0066	M_0069	M_0076	M_0081	M_0083	M_0085	M_0086	M_0090	M_0097	M_0108	M_0109	M_0113	M_0117	M_0122	M_0132	M_0141	M_0142	M_0148	M_0174	M_0183	M_0191	M_0193	M_0199	M_0209	M_0210	M_0215	M_0226	M_0229	M_0230	M_0232	M_0234	M_0236	M_0239	M_0242	M_0247	M_0248	M_0262	M_0265	M_0278	M_0288	M_0292	M_0297	M_0298	M_0306	M_0307	M_0312	M_0313	M_0317	M_0327	M_0340	M_0346	M_0347	M_0350	M_0355	M_0372	M_0375	M_0381	M_0385	M_0388	M_0389	M_0404	M_0409	M_0415	M_0427	M_0437	M_0438	M_0452	M_0459	M_0467	M_0468	M_0469	M_0473	M_0505	M_0506	M_0507	M_0511	M_0517	M_0525	M_0528	M_0529	M_0537	M_0539	M_0543	M_0545	M_0578	M_0584	M_0586	M_0591	M_0606	M_0607	M_0610	M_0611	M_0614	M_0615	M_0617	M_0618	M_0622	M_0623	M_0635	M_0647	M_0657	M_0667	M_0681	M_0682	M_0684	M_0693	M_0701	M_0717	M_0720	M_0729	M_0738	M_0739	M_0743	M_0744	M_0746	M_0755	M_0756	M_0763	M_0765	M_0766	M_0769	M_0771	M_0775	M_0776	M_0778	M_0780	M_0782	M_0784	M_0790	M_0795	M_0796	M_0797	M_0799	M_0810	M_0821	M_0826	M_0831	M_0833	M_0837	M_0843	M_0846	M_0849	M_0851	M_0863	M_0870	M_0882	M_0883	M_0885	M_0887	M_0889	M_0896	M_0897	M_0899	M_0904	M_0910	M_0913	M_0917	M_0918	M_0919	M_0931	M_0932	M_0934	M_0936	M_0937	M_0940	M_0942	M_0946	M_0948	M_0949	M_0954	M_0956	M_0959	M_0983	M_0985	M_0989	M_0993	M_0994	M_1007	M_1008	M_1009	M_1027	M_1031	M_1059	M_1069	M_1070	M_1079	M_1082	M_1087
P1	1	1	1	1	1	1	1	1	1	1	1	1	1	1	1	1	1	1	1	1	1	1	1	1	1	1	1	1	1	1	1	1	1	1	1	1	1	1	1	1	1	1	1	1	1	1	1	1	1	1	1	1	1	1	1	1	1	1	1	1	1	1	1	1	1	1	1	1	1	1	1	1	1	1	1	1	1	1	1	1	1	1	1	1	1	1	1	1	1	1	1	1	1	1	1	1	1	1	1	1	1	1	1	1	1	1	1	1	1	1	1	1	1	1	1	1	1	1	1	1	1	1	1	1	1	1	1	1	1	1	1	1	1	1	1	1	1	1	1	1	1	1	1	1	1	1	1	1	1	1	1	1	1	1	1	1	1	1	1	1	1	1	1	1	1	1	1	1	1	1	1	1	1	1	1	1	1	1	1	1	1	1	1	1	1	1	1	1	1	1	1	1	1	1	1	1	1	1	1	1
P2	2	2	2	2	2	2	2	2	2	2	2	2	2	2	2	2	2	2	2	2	2	2	2	2	2	2	2	2	2	2	2	2	2	2	2	2	2	2	2	2	2	2	2	2	2	2	2	2	2	2	2	2	2	2	2	2	2	2	2	2	2	2	2	2	2	2	2	2	2	2	2	2	2	2	2	2	2	2	2	2	2	2	2	2	2	2	2	2	2	2	2	2	2	2	2	2	2	2	2	2	2	2	2	2	2	2	2	2	2	2	2	2	2	2	2	2	2	2	2	2	2	2	2	2	2	2	2	2	2	2	2	2	2	2	2	2	2	2	2	2	2	2	2	2	2	2	2	2	2	2	2	2	2	2	2	2	2	2	2	2	2	2	2	2	2	2	2	2	2	2	2	2	2	2	2	2	2	2	2	2	2	2	2	2	2	2	2	2	2	2	2	2	2	2	2	2	2	2	2	2
G_001	1	1	1	1	1	1	1	1	1	1	1	1	1	1	1	1	1	2	2	2	2	2	2	2	2	2	-	2	2	1	1	1	1	1	2	2	2	2	2	2	2	2	2	-	2	2	2	2	1	1	2	2	2	2	1	1	1	2	2	2	2	1	1	1	1	1	1	1	1	1	1	1	1	1	1	1	1/2	1/2	1	1/2	2	2	1	-	2	2	2	2	2	-	2	2	2	2	2	-	1	1	1	1	1	1	1	1	1	2	2	-	2	2	2	2	2	2	2	2	2	2	2	2	2	2	2	2	2	2	2	1	1	-	1	1	1	1	1	1	1	1	1	1	1	1	2	-	2	2	2	1	2	2	1	1	2	2	2	2	2	-	2	2	2	2	2	2	2	2	2	2	2	2	2	2	2	2	2	1	1	1	2	2	2	2	2	2	2	2	2	2	2	2	2	2	2	2	2	2	2	2	2	2
G_002	1	1	1	-	1	1	1	1	1	1	1	1	1	1	1	1	1	-	1	1	1	1	1	2	2	2	2	-	2	2	1	1	1	-	1	1	-	1	1	1	1	1	1	-	1	1	1	1	1	1	1	1	1	1	1	1	1	1	1	1	1	1	1	1	1	1	1	1	1	1	1	1	1	1	2	2	2	2	2	2	2	2	2	1	1	1	1	1	1	1	1	1	1	1	1	1	2	2	2	1	1	1	1	1	2	2	2	2	2	2	2	2	1	2	-	1	1	1	1	1	1	1	1	1	1	1	1	-	1	1	1	1	1	1	2	2	2	2	2	2	2	2	2	2	2	2	2	2	2	-	2	2	2	2	2	2	2	1	1	2	2	2	2	2	2	1	1	1	1	1	1	1	1	1	1	1	1	1	1	1	1	1	1	1	1	1	1	1	1	1	1	1	1	1	2	2	2	2	2	2
G_003	1	1	1	2	2	2	2	2	2	2	2	2	2	2	2	2	2	2	2	2	2	-	2	2	2	2	2	2	1	1	1	1	1	1	2	2	-	2	2	2	2	2	2	2	2	2	2	2	2	2	2	2	2	2	1	2	2	1	1	2	2	2	2	-	2	1	2	2	2	1	1	1	2	2	2	2	1	1	1	2	2	2	1	2	1	1	1	1	1	2	2	2	2	2	2	2	2	2	2	2	-	2	2	2	2	-	1	1	1	1	-	1	1	1	1	1	1	1	1	1	1	1	1	1	1	1	-	1	1	1	-	1	1	1	1	1	-	1	1	1	1	-	1	1	1	1	2	-	2	2	2	2	2	2	2	2	2	2	2	2	2	2	2	2	2	2	2	2	2	2	2	2	2	2	2	1	1	1	1	1	1	1	1	1	1	1	2	2	2	1	1	1	1	1	1	-	1	2	1	1
G_004	1	1	1	1	-	1	1	1	1	1	1	1	1	2	2	2	2	-	2	2	2	1	1	1	1	1	1	1	-	2	2	2	2	2	2	2	2	1	1	1	-	1	1	1	1	1	1	1	2	2	1	1	1	1	1	1	1	1	2	-	-	-	2	2	2	2	2	2	2	2	2	-	2	2	1	2	1	1	1	1	1	1	2	2	2	2	2	2	2	2	2	2	2	2	2	2	2	2	2	2	2	2	2	2	2	1	1	1	1	1	2	2	2	2	2	2	2	2	2	2	2	1	1	1	1	1	1	1	1	1	2	2	2	2	2	2	2	2	1/2	1/2	1/2	1/2	2	2	2	1	1	1	1	1	1	-	1	1	1	-	2	2	2	2	2	2	2	2	2	2	-	-	1	1	1	2	2	2	2	2	2	2	2	2	2	2	2	2	2	2	2	2	2	2	2	2	2	2	2	2	2	1	1	-
G_005	2	2	-	2	2	1	1	1	1	1	1	1	1	2	2	-	2	2	2	2	2	2	2	2	2	2	1	1	1	1	2	-	2	2	2	2	2	2	-	2	2	2	2	2	2	2	2	2	2	2	2	-	2	2	1	-	1	1	1	1	1	1	1	1	1	1	1	1	1	1	2	-	1	1	1	2	2	2	2	2	2	2	1	1	2	2	2	1	2	2	2	2	2	2	2	2	2	2	2	2	2	2	2	2	2	2	2	2	2	2	2	-	2	2	1	1	1	-	1	1	1	1	2	2	2	2	2	-	2	2	2	2	2	2	2	2	2	2	2	2	2	2	1	1	1	2	2	2	2	2	-	2	2	2	2	2	2	2	2	2	2	2	1	1	1	1	1	1	1	1	1	2	1	1	2	1	1	1	1	1	1	1	1	1	-	2	2	2	2	2	2	2	1	2	2	2	2	2	2	2
G_006	1	1	1	1	1	1	2	2	2	2	2	2	2	2	2	2	2	2	2	2	1	2	2	2	2	2	2	2	1	1	1	1	1	1	1	1	1	1	1	1	1	1	1	-	1	-	1	1	1	1	1	1	1	1	1	1	1	1	1	1	1	1	1	1	1	1	1	1	1	1	2	2	2	2	2	2	2	2	2	1	1	1	1	1	2	1	1	1	1	1	1	1	1	1	1	1	1	1	1	1	1	1	1	1	1	2	2	2	2	2	2	2	2	2	2	2	2	2	2	2	2	2	2	2	2	2	2	2	2	2	-	2	2	2	2	2	2	2	2	2	2	2	1	1	1	1	1	1	1	1	1	1	1	1	1	2	2	2	2	2	2	2	2	2	2	2	2	2	2	2	2	2	-	2	2	2	2	2	2	-	2	2	2	2	1	-	1	2	2	2	2	2	1	1	2	1	1	1	1	1
G_007	2	2	2	2	2	2	1	1	1	1	1	1	1	1	1	1	1	1	1	1	2	2	2	2	2	2	2	2	1	1	1	1	1	1	1	1	1	1	1	1	1	-	1	1	1	1	1	1	2	2	1	1	1	1	1	1	1	1	1	1	1	1	1	1	1	1	1	1	1	1	1	1	1	1	1	2	2	2	2	2	2	2	1	1	1	1	1	1	1	1	1	1	1	1	1	1	1	-	1	1	1	1	1	2	2	2	2	2	2	2	2	2	2	2	2	2	2	1	1	-	2	2	2	2	-	2	2	2	2	2	2	2	2	2	2	2	2	2	2	2	2	-	2	2	2	2	1	1	1	1	1	1	1	2	2	1	1	1	1	1	1	1	1	1	1	1	2	1	1	1	1	1	1	-	1	1	1	1	1	1	1	1	1	-	1	1	1	1	1	1	1	1	1	1	2	2	2	2	2	2
G_008	2	2	2	2	2	-	2	2	2	2	2	2	2	2	2	2	2	2	2	2	2	1	1	1	1	1	1	1	1	1	2	2	2	2	2	2	2	2	2	2	2	2	2	2	2	2	2	2	2	2	1	1	1	2	2	1	1	1	1	1	2	2	1	1	1	1	1	2	2	2	2	2	1	1	1	1	1	1	1	1	1	1	1	1	1	1	1	2	2	2	2	2	-	2	2	2	2	2	2	-	2	2	2	2	2	2	2	2	2	2	2	2	2	-	2	2	2	2	2	-	-	2	2	2	2	2	2	2	2	2	2	2	2	2	2	-	2	2	2	1	1	1	1	1	1	2	2	2	2	2	2	-	2	2	2	2	2	2	-	2	2	2	-	2	2	2	2	2	2	2	2	2	2	-	-	1	1	1	1	1	-	1	1	1	1	1	1	1	1	1	1	1	1	1	2	1	1	1	1	1
G_009	2	2	2	1	1	1	1	1	1	1	1	1	1	1	1	1	1	1	1	1	-	1	1	1	1	1	1	1	1	1	1	1	1	1	1	1	1	1	1	1	1	1	1	1	1	1	2	2	2	-	2	2	2	2	2	2	2	2	2	1	1	1	1	1	1	1	1	1	1	2	2	2	2	2	2	2	2	2	2	2	2	-	1	1	1	1	1	1	1	1	1	1	1	1	1	1	-	2	2	2	1	1	1	1	1	1	1	1	-	1	1	1	1	1	1	1	1	1	-	1	1	1	1	-	1	1	1	1	1	1	1	1	1	1	-	1	1	1	1	1	1	2	1	1	1	1	1	1	1	-	1	1	1	1	1	1	1	2	2	2	2	2	2	2	2	2	2	2	2	2	2	2	2	2	2	2	2	2	2	2	2	2	2	2	1	1	1	1	1	1	1	1	1	1	1	1	1	2	2	2
G_010	1	1	1	1	1	1	1	1	1	1	1	1	-	1	2	2	2	2	2	2	2	2	2	2	2	2	2	2	1	1	1	1	1	1	1	1	1	1	1	-	-	1	1	1	1	1	2	2	2	2	2	2	2	2	2	-	2	1	1	1	1	2	2	2	2	1	2	2	2	-	2	2	2	-	2	2	2	2	1	1	2	2	1	1	1	1	1	1	2	-	1	1	1	1	1	1	1	1	1	1	1	1	1	1	1	2	2	2	2	2	1	1	1	2	2	2	2	2	-	-	2	1	1	1	1	1	2	2	2	2	2	2	2	1	1	1	1	1	1	1	2	2	2	2	2	2	2	2	2	2	2	2	2	2	2	-	1	1	1	1	1	1	1	1	1	1	1	1	1	1	1	1	1	1	1	2	2	-	2	-	2	2	2	2	1	1	1	1	1	1	1	1	2	2	2	2	2	1	1	1
G_011	1	1	1	2	2	1	1	1	-	1	1	1	-	1	1	1	1	1	-	1	1	1	1	1	1	1	1	1	1	2	2	1	1	1	1	2	2	2	1	1	1	1	1	1	1	-	1	1	1	1	2	-	1	1	1	1	1	1	1	1	2	2	2	2	2	1	-	2	2	2	2	2	2	2	2	1	1	1	1	1	1	1	1	1	1	1	1	1	1	1	1	1	2	2	2	2	2	2	2	2	2	2	-	2	2	1	1	1	2	2	1	1	1	2	2	2	2	2	2	1	1	1	2	2	2	2	2	2	2	2	2	-	2	2	2	2	2	2	2	2	2	2	2	1	-	1	1	1	2	2	2	1	1	1	1	1	1	1	1	1	1	1	1	1	1	1	1	1	1	1	1	1	2	1	1	2	2	2	2	-	2	2	2	2	2	2	2	2	2	2	2	2	1	1	-	1	1	1	1	1
G_012	1	1	1	1	1	1	1	2	2	2	2	2	2	1	1	1	1	1	1	2	2	2	-	2	2	-	2	2	2	2	1	1	1	1	1	1	1	1	1	-	1	1	1	2	2	-	2	2	2	2	2	2	2	-	2	2	2	2	2	2	2	1	1	1	1	1	1	1	1	1	1	1	1	1	1	1	2	2	2	2	2	2	1	1	1	-	1	1	1	1	1	1	1	1	1	1	1	1	1	2	2	2	2	2	2	2	2	2	2	2	2	2	1	1	1	1	1	1	1	1	1	1	1	1	1	-	1	1	1	1	1	1	-	1	1	1	1	1	1	1	1	1	-	1	1	1	-	1	1	1	1	1	1	1	1	1	1	1	1	1	-	1	1	1	1	1	1	1	1	1	1	-	1	1	1	2	2	2	2	2	2	2	2	1	2	2	2	1	1	1	1	1	1	1	-	1	1	2	2	2
G_013	2	2	2	2	2	2	2	2	2	2	2	2	2	1	1	1	-	1	1	1	1	2	2	2	2	2	2	2	1	1	1	-	1	1	1	1	1	1	1	1	1	1	1	1	1	1	1	1	-	1	1	1	1	1	1	1	1	1	1	1	1	1	1	1	1	1	1	1	1	1	1	1	-	1	1	1	1	1	1	1	2	2	-	2	2	2	2	2	2	2	2	2	2	2	2	2	2	2	2	2	2	2	2	2	2	2	2	2	2	2	2	1	1	1	-	1	1	1	1	1	1	1	1	1	1	1	1	1	1	1	1	1	1	-	1	1	1	1	1	1	1	1	1	1	1	-	1	2	2	2	-	2	2	2	2	2	2	1	1	1	1	1	1	1	1	1	1	1	1	1	1	1	1	1	1	-	2	2	2	2	2	2	2	1	1	1	1	1	1	1	1	1	2	-	2	-	2	2	2	2
G_014	2	2	2	2	2	2	2	2	2	2	2	2	2	2	2	2	2	2	2	2	2	2	2	2	2	2	2	1	1	1	2	2	2	2	2	2	2	2	1	1	1	1	1	1	1	1	1	1	1	1	1	2	2	2	1	1	1	2	2	2	2	2	2	2	2	2	2	2	2	2	2	2	2	2	2	-	2	2	1	1	1	1	2	2	2	-	2	2	2	2	2	2	2	2	1	1	2	2	2	2	2	2	2	2	2	1	1	1	1	1	1/2	2	2	2	1	1	1	1	1	1	1	1	1	1	2	2	2	2	2	2	2	2	-	2	2	2	2	2	2	2	2	2	1	1	1	1	1	2	2	2	2	2	2	1	1	1	1	1	1	1	1	1	1	1	1	1	1	1	1	1	1	1	1	1	1	1	1	1	1	1	1	1	1	1	1	1	1	1	1	1	1	1	1	1	1	1	1	1	1	1
G_015	1	1	1	2	2	-	2	2	2	2	2	2	2	2	2	2	2	2	2	2	2	2	2	2	-	2	2	1	2	2	2	1	1	1	1	1	1	1	1	1	1	1	1	1	1	1	1	-	1	1	1	1	1	1	2	2	2	2	2	2	1	1	1	1	1	1	1	2	2	2	2	-	2	2	2	2	1	1	2	2	2	2	2	2	1	1	1	1	1	1	1	1	1	1	2	2	1	1	1	1	1	1	-	1	1	2	2	2	2	2	2	2	2	1	2	2	2	2	2	2	1	1	1	1	1	1	1	1	1	1	1	1	1	1	1	1	1	1	1	1	1	1	1	1	1	-	1	1	1	1	1	1	1	1	1	2	1	1	1	1	1	1	1	1	1	1	1	1	1	1	1	1	1	1	1	2	2	2	2	2	2	2	2	2	2	2	2	2	2	2	2	2	2	2	2	2	-	2	2	2
G_016	2	2	2	2	2	2	2	2	2	2	2	2	2	2	2	2	2	2	2	2	2	2	2	2	2	2	2	2	1	1	1	1	1	1	1	1	1	1	1	1	1	1	1	1	1	1	2	2	2	2	2	2	2	2	1	1	1	1	1	1	1	1	1	1	1	1	1	1	1/2	1/2	2	-	2	2	2	1	1	1	1	1	1	1	1	1	2	-	2	2	2	2	2	2	2	2	2	2	1	1	-	1	1	1	1	1	1	2	2	2	2	2	2	-	1	1	1	1	1	1	1	1	-	1	1	1	1	1	1	-	2	2	2	2	2	-	2	2	2	2	2	2	2	2	1	1	1	1	1	1	1	1	1	1	1	1	1	1	1	1	1	1	1	1	2	2	-	2	2	2	-	2	2	2	2	2	-	2	2	1	1	-	2	2	2	2	2	2	2	1	1	1	1	1	2	2	2	2	2	2	2	1
G_017	1	1	-	1	1	1	1	1	1	1	1	1	1	1	1	2	2	2	2	2	2	2	2	2	2	-	2	2	2	2	1	1	1	1	1	1	1	1	2	2	2	2	1	-	1	1	1	1	1	1	1	1	1	1	1	1	2	2	2	-	2	2	1	1	1	2	1	1	1	1	1	1	1	1	-	1	1	1	1	1	1	1	2	2	2	2	2	2	2	2	2	2	2	2	2	2	2	-	2	2	2	2	2	2	2	2	-	2	2	2	2	1	1	1	1	1	1	1	1	1	-	2	2	2	-	1	1	1	-	1	1	1	-	1	1	1	1	1	1	2	1	1	2	2	2	1	2	-	2	2	2	2	2	2	2	2	2	2	2	2	2	2	1	1	1	1	1	1	1	1	1	1	1	1	1	1	1	-	1	1	1	1	1	1	1	1	1	1	1	1	1	1	2	2	2	1/2	1/2	2	-	1
G_018	1	1	1	1	1	1	1	2	2	2	2	2	2	2	2	2	-	2	2	-	1	1	1	1	1	1	2	2	1	1	1/2	2	2	2	1	1	1	1	1	1	1	1	1	1	1	1	2	2	2	2	2	2	2	2	1	-	1	1	-	1	1	1	1	1	1	1	-	2	2	2	2	2	1	1	1	1	1	1	1	1	1	1	2	2	1	1	1	1	1	-	1	1	1	1	1	1	1	1	-	1	1	1	1	1	1	1	1	1	1	1	2	2	2	2	2	2	2	2	2	2	2	1	1	1	1	1	1	1	1	2	2	2	1	2	2	2	2	2	2	2	2	2	-	1	1	2	2	2	2	2	2	2	2	2	2	2	2	1	1	1	1	1	1	1	1	1	1	1	1	2	2	1	1	1	1	1	1	1	1	2	2	2	-	2	2	2	2	2	2	2	2	2	1	1	1	2	2	2	2	2
G_019	1	1	1	1	1	1	1	1	2	2	2	2	2	-	1	1	1	1	1	1	1	2	2	2	2	2	1	-	2	2	2	1	1	1	1	1	1	2	2	2	2	2	2	2	2	2	2	2	2	2	2	2	2	2	2	2	2	2	2	2	2	2	2	2	2	-	2	2	2	2	2	2	2	2	2	2	2	-	1	-	1	1	1	1	1	1	1	1	1	1	1	1	1	1	1	1	1	1	1	1	1	1	1	1	1	2	2	2	2	2	2	1	2	2	1	1	2	2	2	1	1	1	2	2	2	2	2	2	2	2	2	2	2	2	2	2	2	2	2	2	2	2	2	2	2	2	2	2	2	2	-	1	1	1	1	1	2	2	2	-	2	1	1	1	2	2	1	1	1	1	-	1	-	1	2	2	2	2	2	2	2	2	2	2	2	2	2	2	2	2	2	2	2	-	2	2	2	-	2	2
G_020	2	2	2	2	2	2	2	2	2	2	1	1	1	1	1	1	1	1	1	1	1	1	1	1	1	1	1	1	1	1	1	-	2	2	2	2	2	2	1	1	1	1	1	-	1	1	-	1	1	1	2	1	1	1	2	2	2	2	2	-	2	2	1	1	1	1	1	1	-	1	1	1	1	1	1	1	1	1	1	2	1	1	1	1	1	1	-	-	2	2	2	2	2	1	1	1	2	1	1	1	2	2	2	2	2	1	1	1	1	1	1	1	1	-	1	1	1	1	1	1	1	1	2	2	2	2	1	1	1	1	1	1	1	1	1	1	1	1	1	1	1	1	1	1	1	1	1	1	1	1	1	1	1	1	1	1	1	-	1	1	1	1	1	1	1	1	1	1	1	2	2	1	1	1	1	1	1	1	1	1	1	1	1	1	1	1	1	1	1	-	1	1	-	1	1	1	1	1	1	1
G_021	1	1	1	1	1	1	2	1	1	1	-	1	1	1	1	1	1	1	1	1	2	2	2	2	2	2	2	1	2	2	1	-	1	1	1	1	2	2	2	2	2	2	2	2	2	2	2	-	2	2	2	2	2	2	2	2	2	2	2	2	2	2	2	2	2	1	2	2	2	2	2	2	2	2	2	2	2	2	1	1	1	1	2	2	-	2	2	2	2	1	1	-	1	1	-	2	1	1	1	1	1	1	1	1	1	1	1	1	1	1	2	1	2	2	2	2	2	2	2	1	1	2	2	2	2	2	2	1	1	1	1	1	1	1	1	1	1	-	1	1	1	2	1	1	1	1	2	2	2	2	2	2	2	2	2	2	2	1	1	1	1	1	1	1	1	1	1	1	1	1	1	1	1	1	1	2	2	2	2	2	2	2	2	1	1	1	1	1	1	2	2	2	2	2	2	2	2	2	2	2
G_022	2	2	1	1	-	1	1	1	1	1	1	1	1	1	1	1	1	1	1	1	-	1	-	1	1	1	1	1	1	1	2	2	2	2	2	-	2	2	2	2	2	2	2	2	2	2	2	2	2	2	2	2	-	2	1	1	1	1	1	1	2	2	2	2	2	2	2	2	2	2	2	2	2	2	2	1	2	2	2	2	2	2	2	2	1	1	1	1	1	1	1	1	1	1	1	1	1	2	2	2	2	2	2	2	2	2	-	2	2	2	2	2	2	2	2	2	2	2	2	2	2	2	2	2	2	2	2	2	2	1	1	1	1	1	1	1	1	1	1	1	1	1	2	1	1	2	2	2	2	2	2	2	2	2	2	2	2	2	-	2	2	2	2	2	2	2	-	2	2	2	2	2	2	1	1	-	1	1	2	2	2	2	-	2	2	2	2	1	1	1	1	1	1	1	2	2	2	2	2	2
G_023	1	1	1	1	1	1	1	1	1	1	1	1	1	1	1	1	-	1	1	1	1	1	-	1	1	1	1	1	1	1	1	1	1	1	1	1	1	1	1	1	1	2	2	2	2	2	2	2	2	2	2	2	2	2	1	-	2	2	2	2	2	-	1/2	1	1	1	1	1	1	1	2	2	2	2	2	-	2	2	1	1	1	1	1	1	1	1	1	2	2	1	1	1	1	1	1	1	2	2	2	2	-	2	2	2	2	1	1	1	1	1	1	1	2	1	1	1	-	1	2	2	2	2	2	2	2	2	2	2	2	1	1	-	2	2	2	2	2	2	2	2	1	1	2	2	1	1	2	2	1	1	1	1	1	1	1	1	1	1	1	1	1	1	1	1	1	1	-	1	1	1	1	1	1	1	1	1	1	1	1	1	1	1	1	1	1	1	-	1	1	2	2	2	2	2	2	2	2	1	1	2
G_024	2	2	2	2	1	-	1	1	1	1	1	1	2	2	2	2	2	2	2	2	2	2	2	2	2	2	1	1	2	2	1	1	1	1	1	1	1	2	-	2	2	2	2	2	2	2	2	2	1	-	2	2	2	2	-	1	1	1	1	1	1	1	1	1	1	1	2	2	2	2	2	2	2	2	2	2	2	2	2	2	2	2	2	1	2	2	2	2	2	2	2	2	2	2	2	2	2	2	2	1	-	2	2	2	-	1	1	1	2	2	2	1	1	2	2	2	2	2	2	2	2	2	2	2	2	2	2	2	2	2	2	2	2	2	2	2	-	2	2	1	1	1	1	1	1	1	2	2	2	2	2	2	2	2	2	2	2	1	1	1	1	1	1	1	1	1	1	1	1	1	1	1	1	1	1	2	2	2	2	2	2	2	2	2	2	2	2	2	2	2	2	-	2	2	2	2	-	2	2	2
G_025	1	1	1	1	1	1	1	2	2	2	2	2	2	2	2	2	2	2	2	2	2	2	2	2	2	2	2	1	2	2	2	2	2	2	2	2	2	2	2	1	1	1	-	1	1	1	1	2	1	-	1	1	1	-	1	1	1	1	1	1	1	1	1	1	1	1	2	2	2	1	1	1	2	2	2	2	2	2	2	1	1	1	-	1	1	1	1	1	2	2	2	2	2	-	2	2	2	2	2	2	2	2	2	2	2	1	1	1	1	1	1	1	1	1	1	-	1	1	1	1	1	1	1	1	2	2	2	2	2	2	2	2	2	2	1	1	2	-	2	2	-	1	1	2	1	1	1	2	2	2	2	2	2	2	2	2	2	1	1	1	1	1	2	2	2	2	2	2	2	2	2	2	2	2	2	2	1	1	1	1	1	1	1	1	1	1	2	2	2	2	2	2	2	2	1	1	1	1	1	1
G_026	1	1	2	2	1	1	1	1	1	1	1	1	1	1	1	1	1	1	1	1	1	1	1	1	1	1	1	1	1	-	2	2	2	2	2	2	2	2	2	2	2	2	2	2	2	2	2	2	2	1	1	1	1	1	2	2	2	2	2	2	2	2	2	2	2	2	2	2	2	2	2	2	2	2	2	2	2	2	2	2	2	2	2	2	-	1	1	1	1	1	1	1	1	1	1	1	1	-	1	1	2	2	2	-	2	2	1	1	1	1	1	-	-	2	2	2	2	-	2	1	1	1	1	1	1	1	1	1	1	2	2	2	2	2	2	2	2	2	1	1	1	1	1	1	1	1	1	1	1	1	1	1	1	1	1	1	1	1	1	1	1	1	1	1	1	1	1	1	1	1	1	1	2	2	2	2	2	2	2	2	-	2	2	2	2	2	2	2	2	1	1	1	1	1	1	1	1	1	1	-
G_027	2	2	2	2	2	2	2	2	2	2	2	2	2	2	2	2	2	2	2	2	2	2	2	2	2	2	2	2	1	1	1	1	1	1	1	2	2	2	2	2	2	2	2	2	2	-	2	2	2	2	2	2	2	2	1	1	1	-	1	1	1	1	1	1	1	1	1	1	1	-	1	1	1	-	1	1	2	2	2	2	2	2	2	2	2	2	2	2	2	2	2	2	2	2	2	2	2	2	2	-	2	2	2	2	2	2	2	2	2	2	2	2	2	2	1	1	1	1	1	1	1	1	-	-	1	1	1	1	1	1	1	1	1	1	1	1	1	1	1	1	2	2	2	-	2	2	2	2	2	2	2	2	2	-	2	2	2	2	2	2	2	2	2	2	2	2	2	2	1	1	1	1	-	1	1	1	1	-	1	1	-	2	2	2	2	2	1	1	1	1	1	1	2	2	1	2	2	2	2	2
G_028	1	1	1	1	1	1	2	2	2	2	-	2	2	2	2	2	1	1	1	1	1	1	1	1	-	1	1	2	1	2	1	-	2	2	2	2	2	2	2	2	-	2	2	2	2	2	2	2	1	1	1	2	2	1	2	2	2	2	2	1	1	1	1	1	1	1	2	-	2	2	2	2	1	1	1	1	1	1	1	2	2	2	1	1	2	2	2	1	1	1	1	1	1	1	1	1	1	1	1	1	1	1	1	1	1	1	1	1	1	1	1	1	1	1	1	1	1	2	1	1	-	1	2	2	2	2	2	2	2	2	2	2	1	1	1	1	1	1	1	1	1	1	2	2	2	2	2	2	2	2	2	2	2	2	2	2	2	2	2	2	1	1	1	1	1	1	1	1	1	1	1	1	1	1	1	2	1	1	1	1	1	1	1	1	1	1	1	1	1	1	1	1	1	1	-	-	1	1	1	1
G_029	1	1	1	1	1	1	1	1	1	1	1	1	1	1	1	1	1	1	1	1	2	2	2	2	2	2	-	2	2	2	1	-	1	1	2	2	2	1	2	2	2	2	2	2	-	2	2	2	1	1	1	2	2	2	1	1	1	1	1	1	2	2	2	1	1	1	-	1	1	2	2	2	2	1	1	2	2	2	2	2	2	2	2	2	1	1	1	1	1	1	1	1	1	1	1	1	1	1	-	1	1	1	1	1	1	1	1	1	2	2	2	2	2	2	2	2	2	1	1	1	1	1	1	1	1	1	1	1	1	1	1	1	1	1	1	1	1	1	1	1	1	1	1	1	1	1	2	2	2	1	1	1	1	1	1	1	1/2	1	1	1	1	1	-	1	1	2	2	2	2	-	2	1	1	1	1	1	1	1	1	1	1	2	2	2	2	2	2	2	2	2	2	2	2	2	1	1	1	1	2	1
G_030	2	2	2	-	2	2	2	2	2	2	2	2	2	-	2	2	2	2	2	2	1	1	1	1	1	2	-	1	1	1	-	2	2	2	2	2	2	-	2	2	2	1	1	1	1	1	1	1	1	1	2	1	1	1	1	1	1	1	1	1	1	1	1	1	1	-	1	1	1	1	1	1	1	1	1	1	1	-	2	2	1	1	1	-	1	1	1	1	1	1	1	1	1	1	2	2	2	2	2	2	2	2	2	2	2	2	2	2	2	2	2	-	2	2	-	2	2	-	2	1	1	2	2	2	-	2	2	2	1	2	2	2	2	2	2	2	2	2	2	2	2	2	-	2	1	2	1	1	1	1	2	2	1	1	1	1	-	1	1	1	1	1	1	1	1	2	2	2	2	2	2	2	2	2	2	2	2	-	2	2	2	2	2	2	2	2	2	2	2	2	2	2	2	2	2	2	2	2	2	2
G_031	1	1	1	1	1	1	1	1	1	1	1	1	1	2	2	2	2	2	2	2	2	2	1	1	-	1	1	1	1	1	2	2	2	2	2	-	1	1	1	1	1	1	1	1	1	-	1	1	2	2	2	2	1	1	2	2	2	2	2	2	2	2	2	1	1	1	1	1	1	1	1	1	2	2	2	2	2	2	2	2	2	2	2	2	2	2	2	2	2	2	2	2	2	2	2	2	2	2	2	2	2	2	2	2	2	1	1	1	1	1	1	1	1	1	1	1	1	1	1	1	1	1	1	1	1	1	1	1	1	1	1	1	1	1	1	1	1	1	-	1	1	-	1	1	1	1	1	1	1	1	1	1	1	1	1	1	-	2	1	2	2	-	1	1	1	1	1	1	1	1	1	1	1	-	1	2	2	2	2	2	2	2	2	2	2	2	2	2	2	2	2	2	2	2	2	2	2	2	2	2
G_032	1	2	2	2	2	1	2	2	2	2	2	2	2	2	2	1	1	1	1	1	1	1	1	1	1	1	1	2	2	2	2	2	2	2	2	2	2	1	1	1	1	1	1	1	1	1	1	1	1	1	1	1	1	1	1	-	2	2	2	2	2	-	-	1	2	2	2	2	2	2	2	2	2	2	2	2	2	-	2	2	2	1	2	1	1	1	1	1	2	2	2	2	2	2	1	1	1	1	2	2	2	2	2	2	2	2	2	2	2	2	2	2	2	1	1	1	1	1	1	1	1	1	1	1	1	1	1	1	1	1	-	1	1	1	1	1	1	1	1	1	1	1	2	2	2	2	2	2	2	2	1	1	1	1	1	1	1	1	1	1	1	1	1	1	1	1	1	-	1	1	1	1	1	1	1	2	2	2	2	2	2	2	-	2	1	-	1	1	1	1	1	-	1	1	1	1	1	1	1	1
G_033	2	2	2	2	2	-	2	2	2	2	2	2	2	2	1	1	1	1	1	1	1	1	1	1	1	1	1	1	2	2	2	2	2	2	2	1/2	1/2	1/2	2	2	2	2	2	2	2	2	2	2	2	2	2	2	2	2	2	2	2	2	2	2	-	2	2	2	2	2	1	1	1	1	1	1	-	1	1	1	1	1	1	1	1	1	1	1	1	1	1	1	1	1	1	1	1	-	1	1	1	1	1	1	2	2	2	2	2	2	2	2	1	1	2	1	1	1	1	1	1	1	1	1	1	1	1/2	1/2	1	1	1	1	1	1	2	2	2	2	2	2	2	2	2	2	2	2	2	2	2	2	2	2	2	2	2	2	2	2	2	2	-	2	2	2	2	2	2	2	2	2	2	2	-	2	2	2	2	2	2	2	-	2	2	2	2	2	2	1	2	2	2	2	2	1	1	1	2	2	2	-	2	2	2	2
G_034	2	2	2	2	2	2	1	1	1	1	-	1	1	1	1	1	1	-	1	1	2	2	2	2	-	2	2	2	2	2	2	2	2	2	2	2	2	1	1	1	1	1	1	1	1	1	1	1	1	1	-	2	2	2	1	1	1	1	1	-	1	1	1	1	1	1	1	1	1	1	1	1	1	1	1	2	2	2	2	2	2	2	2	2	2	2	2	-	1	1	1	1	1	1	1	1	1	2	2	2	2	2	2	2	2	2	2	2	2	2	2	2	2	2	2	2	2	2	2	2	2	-	2	2	2	-	2	-	2	1/2	1/2	1/2	1/2	1/2	2	2	2	1	1	1	1	1	2	2	2	1	1	1	1	1	1	1	-	1	1	1	1	2	2	2	2	2	2	2	2	2	2	2	2	2	2	2	2	2	2	1	2	2	2	2	2	2	2	2	2	2	2	-	2	2	2	2	1	2	2	1	1	1	2	2
G_035	1	1	-	1	1	1	-	1	1	1	1	1	1	1	1	1	1	1	1	1	1	1	1	-	1	1	1	1	1	2	-	-	2	2	1	2	2	2	2	2	2	2	2	2	2	2	-	2	2	1	1	-	1	1	1	1	1	1	1	1	1	1	1	1	1	1	1	1	1	1	-	1	1	1	1	1	1	1	1	-	1	-	1	2	1	1	1	1	1	1	1	1	-	1	1	1	2	2	2	2	2	2	2	2	2	2	-	2	-	1	1	2	1	1	2	2	2	2	2	2	2	2	2	2	-	2	2	2	2	1	1	1	-	1	1	1	1	1	1	1	1	1	2	2	2	2	1	1	1	1	1	1	1	1	1	2	2	2	2	2	2	2	2	2	2	2	2	2	2	2	2	2	2	2	2	2	2	1	2	2	2	2	2	2	2	2	2	2	2	2	2	2	2	2	2	2	2	2	2	1
G_036	2	2	2	1	1	2	2	2	2	2	2	2	2	2	2	2	2	2	2	2	1	1	1	1	2	2	2	2	1	2	-	1	1	1	1	1	1	1	1	1	1	1	1	1	2	2	2	-	1	1	1	1	1	1	2	2	2	2	2	2	2	1	2	-	2	2	2	1	1	1	1	1	2	2	2	2	2	2	2	2	2	2	2	2	-	2	2	2	2	2	2	2	2	2	2	2	2	2	2	2	2	2	2	2	2	2	2	-	2	2	2	2	2	2	1	1	1	1	1	2	2	2	2	2	2	2	2	2	2	1	1	1	1	1	1	1	1	1	1	1	2	2	1	1	1	1	1	1	2	2	2	2	2	2	2	-	2	2	2	2	2	1	2	2	2	2	2	2	2	2	2	2	2	2	2	2	2	2	2	2	2	2	2	-	2	2	2	2	2	2	2	2	2	2	1	1	1	1	1	1
G_037	2	2	2	2	-	2	2	1	1	1	1	1	1	1	1	1	1	2	2	2	2	2	2	2	2	-	2	2	1	1	1	1	1	1	1	1	1	1	1	1	1	2	-	2	2	2	2	2	1	1	1	1	1	2	2	-	1	1	1	1	1	-	1	1	1	1	1	1	1	1	1	1	1	1	1	2	2	2	2	2	1	1	1	1	2	2	2	2	2	2	2	2	1	1	-	1	1	1	1	2	2	-	1	1	1	1	1	1	1	-	1	2	2	1	1	1	1	1	1	1	-	1	1	1	1	1	1	1	1	-	1	1	1	1	1	1	1	1	1	1	1	1	1	1	1	1	1	1	1	1	1	1	1	-	1	2	2	2	2	2	2	2	2	2	2	2	2	-	2	2	-	-	2	2	1	1	1	1	1	1	1	1	1	1	1	1	1	1	1	1	1	1	1	1	-	2	2	2	2	-
G_038	2	2	2	2	2	2	2	2	2	2	2	2	2	2	2	1	1	1	1	-	1	1	1	1	1	1	1	1	2	2	1	1	1	1	1	1	1	-	2	2	2	2	2	2	2	2	2	2	-	2	2	2	2	-	1/2	2	2	2	2	2	2	2	2	2	2	2	-	1	-	1	1	1	2	-	2	-	1	1	1	1	1	1	1	1	1	-	1	1	1	1	2	2	2	2	2	2	1	1	1	1	1	1	1	1	1	1	1	1	1	1	1	1	1	1	1	1	1	1	2	1	1	1	2	2	2	-	2	2	2	2	2	2	2	2	2	2	2	2	1	1	1	2	1	1	1	2	2	2	2	2	2	2	2	2	1	1	2	2	2	2	1	1	2	2	2	2	2	2	2	2	2	2	2	2	2	2	2	2	2	2	2	2	2	2	2	1	2	2	-	2	2	2	2	2	1	2	2	2	2	2
G_039	1	1	1	1	1	1	2	2	2	2	2	2	1	2	2	2	2	2	2	2	2	2	2	1	1	1	1	1	2	2	2	2	2	2	2	2	2	1	-	2	2	2	2	2	2	2	2	2	2	2	2	2	2	2	1	1	1	1	1	1	1	1	1	1	1	1	1	1	1	1	1	1	1	1	1	1	1	1	1	1	-	1	2	2	2	2	2	2	2	2	2	2	2	2	2	2	1	1	2	2	2	2	2	2	2	2	2	2	2	2	-	1	1	1	1	1	1	1	1	1	1	-	1	1	1	1	1	1	1	1	1	1	1	1	1	1	1	1	1	1	1	1	-	2	2	2	2	2	2	2	2	1	1	1	1	1	1	1	1	2	2	2	-	2	2	2	2	1	1	1	1	1	1	1	1	1	1	1	1	2	2	2	-	2	1	1	1	1	1	1	1	1	2	2	1	1	1	-	1	1
G_040	2	2	2	2	2	2	2	2	2	2	2	1	1	1	1	1	1	1	1	1	1	1	1	1	1	1	1	1	2	2	2	2	2	2	2	2	2	2	2	2	2	2	2	2	2	2	2	2	2	2	2	2	2	2	1	1	2	2	1	-	1	1	1	1	1	1	-	2	2	2	2	2	2	2	1	2	1	1	1	1	1	1	1	1	1	1	-	1	1	2	-	2	2	2	2	2	2	2	2	2	1	2	2	2	2	1	1	1	1	1	1	1	1	1	1	-	1	1	1	1	1	1	1	1	1	1	1	1	1	-	1	1	1	1	1	1	1	1	-	1	1	1	1	2	2	2	2	2	2	2	2	1	1	1	1	2	2	2	2	2	2	2	1	1	1	1	1	1	1	1	1	2	2	2	2	1	1	1	1	1	1	-	1	1	1	1	1	1	1	2	2	2	1	-	1	1	1	1	1	1
G_041	1	1	1	2	2	2	2	2	2	2	2	2	2	2	2	2	2	2	2	2	2	1	1	1	1	1	1	1	1	1	2	2	2	2	2	2	2	1	1	1	1	1	1	1	1	1	1	1	1	1	1	1	2	2	2	2	2	2	-	2	2	2	2	2	2	2	2	2	2	2	2	2	2	2	2	1	1	1	1	1	1	2	2	2	2	2	2	2	2	2	2	2	1	1	1	1	1	1	1	1	1	1	1	1	1	1	1	1	1	1	1	2	1	2	2	2	2	2	2	2	2	2	2	2	2	2	2	2	-	2	2	2	2	2	2	2	2	2	2	2	2	2	1	1	1	1	1	1	1	1	1	1	1	1	2	1	1	1	1	1	2	2	2	2	2	2	2	2	2	2	2	1	1	1	1	2	2	2	2	2	-	2	2	2	2	2	2	2	2	2	2	-	1	-	1	1	1	1	1	1
G_042	2	2	2	2	2	2	2	2	2	2	2	2	1	1	2	2	2	2	2	2	2	2	2	1/2	1	2	1	2	2	2	2	2	2	2	2	2	2	2	2	2	2	2	2	2	1	1	1	1	1	1/2	1	2	-	-	2	2	1	2	2	2	2	2	2	2	2	2	2	2	-	2	2	2	2	2	2	2	1	1	-	1	1	1	1	1	2	2	2	1	1	1	1	1	1	-	1	1	1	1	1	1	2	1	1	1	1	1	1	1	1	1	2	2	2	2	1	1	1	2	1	2	2	-	1	-	1	1	1	1	1	1	1	1	2	2	2	2	2	2	2	2	2	2	2	1	1	2	2	2	2	2	2	2	2	1	1	1	2	2	2	2	2	2	2	2	2	2	2	2	2	2	2	2	2	2	2	1	1	1	1	-	-	1	1	-	1	1	1	1	1	1	1	1	1	1	1	1	1	1	1	1
G_043	2	2	2	2	2	2	2	2	2	2	2	2	1	1	1	1	1	1	1	1	2	-	2	2	-	2	2	-	2	2	1	1	1	1	1	1	1	1	1	1	1	1/2	1/2	1	1	1	1	1	2	2	2	2	2	2	2	2	2	2	2	2	2	2	2	2	-	2	2	2	2	2	2	2	2	2	2	2	2	2	2	1	2	2	2	2	2	2	2	2	2	2	2	2	2	2	2	2	2	2	2	2	2	2	2	2	2	2	2	2	2	2	2	2	1	1	1	1	1	1	-	1	1	1	1	1	1	1	1	1	1	1	-	-	1	-	1	1	1	1	1	1	1	1	2	2	2	-	1	1	1	1	1	1	1	1	1	-	1	2	2	2	-	-	2	2	2	1	1	1	1	1	1	1	1	1	1	1	1	1	1	1	1	1	1	1	1	1	2	2	2	2	2	2	-	2	2	2	2	2	2	2
G_044	2	2	2	2	2	2	2	2	2	2	2	2	-	2	2	2	2	2	2	2	2	2	2	2	2	2	2	2	1	1	1	1	1	2	2	2	2	2	2	2	2	-	2	2	2	2	2	2	2	1	1	1	1	1	2	2	2	2	2	2	2	2	2	2	2	2	2	2	2	2	2	2	2	1	1	1	1	1	1	1	1	1	1	1	1	1	1	1	1	1	1	1	1	2	2	2	2	2	2	2	2	2	2	2	2	2	2	2	1	1	2	2	2	2	2	2	2	2	2	2	2	2	2	2	2	2	2	1	1	2	2	2	2	2	2	2	2	2	2	2	2	2	2	2	2	2	1	1	1	1	2	2	2	2	2	2	2	2	2	2	2	2	2	2	2	2	2	2	2	2	2	2	2	-	2	1	1/2	1/2	1/2	1/2	1/2	2	2	2	2	-	1	2	2	2	2	2	2	2	2	2	2	2	2	2
G_045	2	2	2	1	1	1	1	2	2	2	2	2	2	-	2	2	2	2	2	2	2	2	2	2	2	-	2	1	-	1	1	1	1	1	1	1	1	1	1	1	1	1	1	1	1	1	1	1	1	1	2	2	2	2	1	1	1	1	1	1	2	2	1	1	1	1	1	1	1	1	1	1	1	1	1	1	1	1	1	1	1	1	1	1	2	2	2	-	2	2	2	2	2	2	2	2	1	2	2	2	2	2	2	2	1	1	1	1	2	2	1	1	1	1	1	1	1	1	1	-	1	2	1	1	1	1	1	1	1	2	2	2	2	2	2	2	2	2	2	-	2	2	1	1	1	2	2	2	2	2	2	2	2	2	2	2	2	2	2	2	2	2	2	2	2	1	1	1	1	1	1	1	1	-	2	2	2	2	2	2	2	2	2	1	2	2	2	2	2	1	1	1	1	1	1	1	1	-	1	2
G_046	1	1	2	2	2	2	2	2	2	2	2	2	2	1	1	1	1	-	-	1	2	2	2	2	2	2	2	2	1	1	2	2	2	2	1	1	1	1	1	1	1	-	1	1	1	1	1	1	1	1	-	1	1	1	2	1	1	-	1	1	1	1	1	1	1	1	-	1	1	1	1	1	1	1	1	1	2	2	1	1	1	1	-	1	2	2	-	2	2	2	2	2	2	1	1	1	1	1	1	1	-	-	1	1	1	1	1	1	1	1	-	2	2	2	2	2	2	2	2	2	2	2	2	2	1	1	1	1	1	1	1	1	2	2	2	2	2	2	2	2	2	2	2	2	2	2	2	1	2	-	1	1	1	1	1	2	2	2	2	-	1	1	1	1	1	2	2	2	2	2	2	2	2	2	2	1	1	1	1	1	1	1	1	1	1	1	1	1	1	2	2	2	-	2	2	1	1	1	-	1
G_047	2	-	2	2	2	1	2	2	2	2	2	2	2	2	2	1	1	1	1	1	1	1	1	1	1	1	-	2	-	-	1	1	1	-	2	1	1	1	1	2	2	2	2	2	2	1	1	1	2	2	2	1	1	2	1	1	1	1	1	2	1	1	2	2	2	2	2	2	2	2	2	2	2	2	2	2	2	2	2	1	1	1	2	2	2	1	-	1	1	2	1	1	1	1	1	1	1	1	1	1	-	2	2	2	2	1	1	1	1	1	1	2	2	2	2	2	2	2	2	1	1	1	-	1	1	1	1	1	1	1	-	1	2	2	2	2	2	2	2	2	2	1	2	2	2	2	1	1	1	1	1	-	2	2	2	2	2	2	2	2	2	2	1	1	1	-	2	1	1	1	1	1	-	1	1	2	2	2	2	2	2	2	2	2	2	2	2	2	2	2	2	2	2	2	2	2	2	2	2	2
G_048	1	-	2	1	1	1	1	1	1	1	1	-	1	1	1	1	1	1	1	1	2	2	2	2	-	1	1	-	1	1	1	1	1	1	1	-	1	2	1	1	1	1	1	1	1	1	1	1	1	1	1	1	-	2	2	2	2	2	2	-	2	1	1	1	1	1	1	1	1	1	1	1	1	1	1	1	1	1	2	2	1	1	1	1	-	1	1	1	1	2	2	2	2	2	2	2	2	2	2	2	2	2	2	-	2	1	-	1	1	1	2	2	2	2	2	2	2	2	2	2	2	2	2	2	2	2	2	2	2	2	2	2	2	2	2	2	2	2	2	2	2	2	1	1	1	1	1	1	1	1	1	1	1	1	1	1	1	1	1	1	1	1	1	1	1	1	1	1	1	1	1	2	2	2	1	2	2	2	-	2	2	2	2	2	2	2	2	2	2	2	2	2	2	2	1	1	1	1	1	1
G_049	2	2	2	2	2	2	2	2	2	2	2	2	2	2	2	2	2	2	2	2	2	2	2	2	2	2	-	2	1	1	1	2	2	2	1	1	1	1	1	1	2	2	2	2	2	2	2	-	2	2	2	2	2	2	1	1	1	1	1	1	1	1	1	1	1	1	1	1	1	1	1	1	2	2	2	2	1	1	1	1	1	1	1	1	1	1	1	1	-	1	2	2	2	2	2	2	1	2	2	2	2	2	2	-	2	1	-	1	1	1	2	2	2	1	1	1	1	1	1	1	1	1	1	1	1	1	1	1	1	1	1	1	1	1	-	1	1	1	1	1	1	1	2	2	2	2	-	1	1	1	1	1	1	1	1	1	1	1	1	1	1	1	1	1	1	1	1	1	1	1	1	1	1	1	1	2	2	2	2	2	2	2	2	2	2	2	1	1	1	-	1	1	2	-	2	2	2	2	-	-
G_050	1	1	1	1	1	1	1	1	1	1	1	1	1	1	1	1	1	1	1	1	1	1	1	-	1	1	1	1	2	2	1	1	2	2	2	1	1	1	1	1	1	1	1	1	1	1	1	1	2	2	2	1	1	1	1	1	1	1	1	1	2	1	1	1	-	1	1	1	1	1	1	1	1	1	1	1	1	1	1	1	2	2	1	1	1	1	1	1	1	2	2	2	1	-	1	1	1	1	1	1	2	2	1	1	1	2	2	2	2	2	2	1	1	1	1	1	1	1	1	1	1	1	1	1	1	1	-	2	2	1	1	1	1	1	1	1	1	1	1	1	1	1	2	2	2	2	-	2	2	2	2	-	2	2	2	2	2	2	2	2	2	2	2	2	2	2	2	2	2	2	1	1	1	1	2	2	2	2	2	2	2	2	2	2	2	1	1	1	1	2	2	2	2	2	2	2	2	2	2	2
G_051	-	1	1	1	1	1	1	2	2	2	2	2	2	2	1	1	1	1	1	1	1	1	1	1	1	1	1	2	1	1	2	-	2	2	2	2	2	1	2	2	2	2	-	2	2	2	2	2	1	1	2	2	2	2	2	2	2	2	2	2	2	2	2	2	2	2	2	-	2	2	2	2	2	2	2	2	2	2	2	1	1	1	1	1	1	1	1	1	1	1	2	2	2	2	2	2	2	1	1	1	2	2	2	2	2	1	1	1	1	1	1	1	1	1	1	1	1	1	1	1	1	1	1	1	1	1	1	1	2	2	2	2	2	2	2	2	2	2	2	2	2	1	1	1	1	1	-	1	1	1	1	1	1	1	1	1	1	1	1	1	1	1	1	1	1	1	1	1	1	1	-	1	1	1	1	2	2	2	2	2	2	2	2	2	1	-	1	1	1	1	1	1	1	1	2	2	2	2	-	2
G_052	2	2	2	2	2	1	1	1	-	1	1	1	1	1	-	1	1	1	1	1	1	1	1	1	-	1	2	2	1	1	1	1	1	1	1	1	1	1	1	1	1	1	1	1	1	1	1	1	1	1	1	1	1	1	2	2	2	2	2	2	2	2	2	2	2	2	2	2	2	2	-	2	2	2	2	2	2	2	1	2	1	1	2	2	2	2	2	2	2	2	2	2	2	2	2	2	2	2	2	1	1	1	1	1	1	1	1	1	1	1	1	1	1	1	1	1	1	1	2	1	-	1	1	1	-	1	1	1	1	1	1	1	1	1	1	1	-	1	1	1	1	1	1	-	1	-	1	2	2	-	2	2	-	2	2	2	2	2	2	2	2	2	2	2	2	2	2	2	2	2	2	2	2	2	2	1	1	1	1	1	1	1	1	1	2	2	2	2	2	1	1	-	1	1	2	2	2	2	2	2
G_053	1	1	1	2	2	2	1	1	1	1	1	1	1	1	2	2	2	2	2	2	2	2	2	2	-	-	2	2	1	1	2	2	2	2	2	1	1	1	1	1	1	1	2	2	2	2	2	2	2	2	1	1	-	1	2	2	2	2	2	2	2	2	1	1	1	1	2	2	2	2	2	2	2	2	2	1/2	1	1	2	2	1	1	2	2	2	2	1	1	1	1	1	1	1	1	2	2	1	1	1	1	1	-	1	1	1	2	2	2	-	1	1	1	1	1	-	1	2	2	2	2	2	2	2	2	2	2	2	2	2	1	1	1	1	1	1	1	1	1	1	1	-	1	1	1	1	1	1	1	1	1	1	1	1	1	2	2	2	2	2	2	2	2	1	1	1	1	1	1	1	1	1	2	2	2	2	1	1	1	-	1	1	1	2	2	2	-	2	2	2	2	-	-	2	2	2	-	2	2	2	2
G_054	2	2	2	2	2	2	2	2	2	2	2	2	2	2	2	2	2	2	2	2	2	2	2	2	2	1	1	1	2	2	2	-	2	2	2	2	2	2	2	2	2	2	2	1	1	1	1	-	1	1	1	2	2	1	2	2	2	2	2	2	1	2	2	2	2	1	1	1	1	1	2	2	2	2	2	2	-	1	1	1	1	-	1	1	2	2	2	2	2	2	2	2	2	2	2	2	1	1	1	1	1	1	1	1	1	2	2	2	2	2	2	2	2	2	2	2	2	2	2	2	2	2	2	2	2	2	2	2	2	2	2	2	2	2	2	2	2	-	2	2	2	2	2	2	2	2	2	1	1	1	1	1	1	1	1	1	1	1	1	1	-	1	1	1	1	1	1	1	1	1	1	2	2	2	2	1	1	1	1	1	1	1	1	1	1	1	1	1	-	1	1	1	2	-	2	2	2	2	2	2
G_055	2	2	2	2	2	2	1	1	1	1/2	1/2	1/2	1/2	1/2	1/2	1/2	1/2	1/2	1/2	1/2	1/2	1	1	1	1	1	1	1	2	2	2	2	2	2	2	2	2	-	-	2	2	1	1	1	1	1	-	1	2	2	2	2	2	1	2	2	2	2	2	2	2	1	1/2	1/2	1/2	1	1	1	1	1	1	1	2	2	2	-	2	2	2	1	1	1	1	1	1	1	1	1	1	1	1	1	1	1	1	1	2	2	2	1	2	2	2	2	2	2	2	2	2	2	1	1	1	1	1	1	1	1	1	1	1	2	2	2	2	2	2	2	2	2	2	2	1	1	1	1	1	1	1	2	1	1	1	1	1	1	2	2	2	2	2	2	2	2	2	2	1	-	1	-	1	1	1	1	1	1	1	1	1	1	1	1	1	1	1	2	2	2	2	2	1	1	1	1	1	1	1	2	2	1	1	1	1	1	1	1	1	1	1	1
G_056	1	1	1/2	1	1	1	2	2	2	2	2	2	2	2	-	2	1	1	1	1	1	1	1	2	2	2	2	2	1	1	1	1	1	1	1	1	1	1	1	1	-	1	1	1	1	1	1	1	1	1	1	1	1	1	-	1	1	1	1	1	1	1	1	1	1	1	1	1	1	1	1	1	1	1	1	-	2	2	2	2	2	2	1	-	1	1	1	1	1	1	1	1	1	1	1	1	1	1	-	1	1	1	1	1	1	1	1	1	1	-	2	2	2	2	2	2	2	2	1	1	1	1	1	1	1	1	1	1	1	1	1	1	1	1	1	1	1	1	1	1	1	1	1	1	1	1	1	1	1	1	1	-	1	1	1	1	1	1	1	2	-	2	2	2	2	-	1	2	2	2	2	2	2	2	2	2	2	-	-	2	2	2	2	2	2	2	2	2	2	2	2	2	2	2	2	2	2	2	2	2
G_057	2	2	2	2	2	2	2	2	2	2	2	1	1	1	1	1	1	1	1	-	2	2	2	2	2	2	2	2	1	1	2	2	2	2	1	1	2	2	2	2	2	2	2	2	2	2	2	1	1	1	1	1	1	1	1	2	2	2	2	2	1	1	1	1	1	1	1	-	1	1	1	1	1	1	1	1	1	1	1	1	-	1	1	1	1	1	1	1	1	1	1	1	1	1	1	1	1	1	2	2	2	2	2	2	2	1	1	1	2	2	2	2	2	2	-	2	2	2	2	2	2	1	2	2	2	2	2	2	2	2	2	2	2	2	2	2	2	2	2	2	2	2	2	2	2	2	1	1	1	1	1	1	1	1	2	1	1	2	2	-	2	2	2	2	2	2	2	2	2	2	-	2	2	2	2	1	1	1	1	1	2	-	2	2	2	2	-	2	2	2	2	2	2	-	2	1	1	1	1	1
G_058	1	1	1	2	2	2	2	1	1	1	1	-	1	1	1	1	1	1	1	1	1	1	1	1	1	1	-	-	2	2	2	2	2	2	2	2	2	2	1	1	1	-	1	1	1	1	2	2	2	2	2	2	2	2	2	2	2	2	2	2	2	2	2	2	2	2	2	2	1/2	2	2	2	2	1	1	1	1	1	1	1	1	1	2	2	2	2	2	2	2	2	2	2	2	2	2	1	2	1	1	1	2	2	2	2	2	1/2	2	2	1	1	1	1	1	1	1	1	2	1	2	2	2	2	2	2	2	2	2	1	1	1	1	1	1	1	-	1	1	1	1	1	2	2	2	1	2	-	2	2	2	2	2	2	1	1	-	1	1	2	2	2	1	1	1	1	1	1	1	1	1	2	2	2	2	2	2	2	2	2	2	2	2	2	2	2	1	1	1	1	1	1	1	1	1	1	1	1	1	1	1	1
G_059	-	1	1	-	2	2	2	2	2	2	2	2	2	2	2	2	-	2	-	2	2	2	2	1	-	1	1	1	2	2	2	1	1	1	1	1	1	1	2	2	2	2	2	2	2	2	-	2	2	2	2	2	2	2	2	2	2	2	2	2	2	2	2	2	1	1	2	2	2	2	2	2	1	1	2	2	1	1	1	1	2	-	2	-	-	1	1	1	-	-	1	1	1	1	2	2	2	1	1	-	-	2	2	-	1	2	2	2	2	-	1	1	1	1	2	2	2	2	2	2	2	2	2	-	2	2	2	2	2	-	1	1	1	1	1	1	1	1	1	1	1	1	2	2	2	2	2	1	2	1	-	1	-	1	2	1	1	1	1	2	2	2	2	2	2	2	-	2	2	2	2	2	-	2	2	2	2	2	2	2	2	2	2	2	2	2	2	2	2	-	2	2	2	2	1	1	1	1	1	1
G_060	2	2	2	1	1	1	-	2	2	2	2	2	2	2	2	1	1	1	1	1	1	1	1	1	1	1	-	2	2	2	2	2	2	2	1	1	1	-	2	2	2	2	2	2	2	2	-	2	2	2	2	2	2	2	1	1	1	1/2	1/2	1/2	1	2	2	2	2	2	2	2	2	2	2	2	2	2	2	1	1	1	2	-	1	1	1	1	2	2	2	2	2	2	2	2	2	-	2	2	1/2	1	1	1/2	1	1/2	2	2	-	1	-	1	1	1	1	1	2	2	1	1	1	1	1	1	1	-	1	1	1	1	1	1	1	1	1	1	1	1	1	1	1	1	1	1	1	1	1	1	1	1	2	1	1	1	1	1	1	1	1	1	1	1	1	1	1	1	2	2	2	2	2	2	-	2	2	2	2	2	2	2	2	2	-	2	2	2	2	2	2	2	2	2	2	2	1	1	-	2	2	2	2	1	1	1
G_061	-	2	2	2	2	2	1	1	1	-	1	1	1	1	1	1	2	2	2	2	2	2	2	2	2	2	-	1	2	2	2	2	2	2	2	2	2	2	1	1	1	1	2	2	2	1	1	1	1	1	1	1	2	2	2	2	2	2	2	2	2	2	2	2	2	2	2	2	-	2	-	2	2	2	2	-	2	2	-	1	1	1	2	2	2	2	2	2	1	1	1	1	1	1	1	1	1	1	1	1	1	1	1	1	1	-	2	2	2	2	2	2	2	2	2	2	2	2	2	2	2	2	1	1	1	2	2	1	1	1	1	1	1	1	1	1	1	1	1	1/2	1/2	1/2	1	1	1	1	1	1	1	1	1	1	1	1	1	1	1	1	1	1	1	-	-	1	1	2	2	2	2	2	2	2	2	2	2	2	2	2	1	2	2	2	2	2	1	1	1	1	1	1	1	1	1	1	2	2	2	1	1	1
G_062	2	2	-	1	1	1	1	1	-	1	1	2	2	2	2	1	1	1	1	1	1	2	2	1	1	1	1	1	2	2	2	-	2	2	2	2	2	2	1	1	1	1	1	1	1	1	1	1	1	1	1	-	1	-	1	1	1	1	1	1	1	1	1	1	1	1	2	2	-	2	2	2	1	-	1	2	2	2	2	2	2	2	2	2	2	2	2	2	2	2	2	2	2	2	2	2	1	1	1	2	-	1	1	1	1	1	1	1	-	2	2	2	2	2	2	2	2	2	2	1	1	2	2	2	2	2	2	2	2	2	2	2	2	1	1	1	2	2	2	2	2	2	2	2	2	2	2	2	2	2	2	1	1	1	1	1	1	1	1	1	1	1	1	1	1	1	1	-	1	1	1	1	1	1	1	2	-	2	-	2	2	2	2	2	2	2	2	2	2	1	-	1	1	1	1	1	1	1	1	1
G_063	2	2	2	1	2	2	2	2	2	2	2	-	-	2	2	2	2	2	2	-	2	2	2	2	2	2	2	-	1	1	-	1	2	2	2	1	1	1	1	1	1	1	1	1	1	1	1	-	1	1	1	1	2	2	2	2	2	2	-	2	2	2	2	2	2	-	2	2	1	1	1	1	1	1	1	2	2	2	2	2	2	2	2	2	1	1	1	1	1	1	1	1	1	1	1	1	1	1	1	1	-	1	1	1	1	1	1	1	1	1	1	1	1	1	1	1	1	1	1	-	1	1	-	1	1	-	1	1	1	1	1	1	1	1	1	1	1	1	1	1	1	1	2	2	-	1	2	2	2	-	2	2	2	2	2	2	2	2	2	2	-	2	2	2	2	2	2	2	2	2	2	2	2	2	2	1	1	1	1	1	1	1	1	1	2	2	2	2	2	2	2	-	2	2	2	2	2	2	2	2
G_064	1	1	1	1	2	2	2	2	2	-	1	1	1	1	1	1	1	1	1	1	1	1	1	1	1	1	1	1	2	1	2	1	1	1	1	1	1	2	2	1	1	1	1	1	1	1	1	1	1	1	2	2	2	1	2	1	1	1	1	1	1	1	1	1	1	1	2	2	2	2	2	2	1	1	1	1	1	1	1	1	1	1	2	2	2	2	2	1	2	2	2	2	2	2	2	2	2	2	2	2	1	1	1	1	1	1	1	1	1	1	1	1	1	1	-	2	2	2	2	2	2	1	1	1	1	1	1	1	1	2	2	2	2	2	2	2	2	2	2	2	2	2	1	1	1	1	1	-	1	1	1	1	1	1	1	2	2	2	2	2	2	2	2	2	2	2	2	2	2	2	2	2	2	2	2	2	2	2	2	-	2	2	2	-	2	2	2	2	2	2	2	2	1	1	1	1	1	1	1	1
G_065	1	1	1	2	2	2	2	1	1	-	1	1	1	1	1	1	1	1	1	-	1	1	1	-	1	1	1	1	2	2	1	1	1	1	1	1	1	1	1	1	1	1	1	2	2	2	-	2	2	2	-	2	2	2	2	2	2	2	2	2	2	2	2	2	2	2	1	1	1	1	1	1	1	2	2	2	2	2	2	2	2	2	1	1	1	1	1	1	2	2	2	2	2	2	2	2	2	1	-	2	2	2	2	2	2	2	2	-	-	1	2	2	2	2	2	2	2	2	2	2	2	2	2	2	2	2	2	2	2	2	2	2	2	2	2	2	2	2	2	-	1	1	1	1	1	1	1	1	-	2	-	2	1	1	1	1	1	1	-	-	1	1	1	1	1	1	1	1	1	1	1	1	-	1	1	2	2	2	2	2	2	-	2	2	2	2	2	2	2	2	2	2	2	2	2	2	2	2	2	2
G_066	2	2	2	2	2	2	1	1	1	1	1	1	-	2	2	2	1	1	1	-	1	2	2	2	1	-	1	1	1	1	1	1	1	1	1	-	1	2	2	1	1	1	1	-	1	1	1	1	1	1	1	1	-	1	1	1	1	1	1	1	1	1	-	1	1	1	1	1	2	2	2	2	2	2	2	2	2	2	1	1	1	1	1	1	1	1	1	1	1	1	1	1	1	1	2	2	2	2	2	2	2	2	2	2	2	2	2	2	2	2	2	1	1	-	2	2	1	2	2	2	2	2	1	1	2	2	2	2	2	2	2	2	2	2	-	-	2	2	2	2	2	1	2	2	2	1	2	2	2	2	1	1	1	1	1	1	1	1	1	1	1	1	1	1	1	1	1	1	1	1	1	2	2	2	2	2	2	2	2	2	2	2	2	2	2	2	2	2	2	2	2	2	1	1	1	1	1	1	1	1
G_067	2	2	2	2	2	2	2	2	2	2	2	2	2	2	2	2	2	2	2	2	2	2	2	2	2	1	1	1	2	2	2	2	2	2	2	2	2	2	2	2	2	1	-	1	1	1	2	2	1	1	-	1	1	1	1	1	1	1	1	2	2	2	2	2	2	-	2	2	1	1	1	1	1	1	1	1	2	2	2	2	-	2	2	2	2	2	2	1	1	2	2	2	-	2	2	2	-	2	2	-	2	2	2	-	2	1	1	1	1	1	1	1	1	1	1	1	1	1	1	2	2	2	2	2	2	2	2	2	2	2	2	2	2	2	1	1	1	1	1	1	1	1	1	1	1	1	1	1	1	1	1	1	1	1	1	2	2	-	1	-	1	1	2	2	2	2	2	2	2	2	2	2	2	2	2	1	2	2	2	2	2	2	2	2	2	2	2	2	2	2	2	2	2	2	2	2	2	2	2	2
G_068	1	1	1	1	1	1	1	1	1	1	1	1	1	1	2	1	1	1	2	2	1	1	1	1	1	1	1	2	2	2	2	-	1	1	1	1	1	1	1	1	1	1	1	1	1	1	1	1	1	1	2	1	1	1	2	2	2	2	2	2	2	1	1	1	1	1	2	2	2	2	2	1	1	1	1	1	1	1	1	1	1	1	-	1	1	-	1	1	1	1	1	1	1	1	1	1	1	1	1	1	1	1	1	1	1	1	1	1	1	1	1	1	2	2	1	1	1	1	1	1	1	2	1	1	1	1	1	1	1	1	1	1	1	1	1	1	1	1	1	1	1	1	2	2	2	2	2	2	2	2	2	2	2	2	2	2	2	2	2	2	2	2	2	2	2	2	2	2	2	2	2	2	2	2	2	2	2	2	2	2	2	2	2	2	2	2	2	2	2	-	2	2	2	2	2	2	2	2	2	2
G_069	2	2	-	2	2	2	2	-	1	1	1	1	1	1	1	1	1	1	1	2	2	2	2	2	-	-	1	1	2	2	2	2	2	2	2	-	2	1	-	1	1	1	1	1	1	1	1	1	2	2	2	2	2	2	2	2	2	-	2	2	2	2	2	2	2	2	2	2	2	2	2	2	2	2	2	1	2	2	2	1/2	1/2	1	2	2	2	2	2	2	2	2	2	2	2	2	2	2	2	2	2	2	2	-	2	2	2	2	-	2	2	2	2	2	2	2	2	2	2	2	2	2	2	1	1	1	1	1	1	1	1	1	1	1	1	1	2	2	1	1	2	2	2	2	2	2	2	2	2	2	2	2	2	2	2	2	2	2	2	2	2	2	2	2	2	2	-	2	2	2	2	2	2	2	2	2	2	2	2	2	2	2	2	2	2	2	2	2	2	2	2	2	2	2	2	2	2	2	2	-	1	1
G_070	2	2	2	2	2	2	2	2	2	2	2	2	2	2	2	2	2	2	2	2	2	2	2	2	2	2	2	2	2	2	2	2	2	2	2	-	2	1	1	1	1	1	1	1	1	1	1	1	1	1	1	1	1	2	1	1	1	1	1	-	1	1	2	2	2	2	2	2	1	1	1	-	1	1	1	1	1	1	1	1	1	1	1	-	2	2	2	1	1	1	1	1	1	1	1	1	1	1	1	1	1	1	1	1	1	2	2	2	2	2	2	2	2	1	1	-	1	1	1	1	1	1	1	1	1	-	1	1	1	1	1	1	1	1	1	1	1	2	2	2	2	2	1	1	1	1	1	1	1	1	2	2	1	1	1	1	1	1	1	1	1	-	1	1	1	-	1	1	1	1	1	1	1	1	1	1	1	1	1	1	1	1	1	1	1	1	1	1	1	1	1	1	1	1	1	2	2	2	2	2
G_071	2	2	2	2	2	-	-	2	2	2	2	2	2	2	2	2	2	2	2	2	2	2	2	2	2	2	-	1	2	2	2	1	1	1	1	1	1	1	1	-	1	1	1	1	1	1	1	1	1	1	1	1	1	1	2	2	2	2	2	2	1	1	2	-	1	1	1	1	1	1	1	1	1	1	1	1	1	1	1	1	1	1	1	1	1	1	1	1	1	1	1	1	1	1	1	1	2	2	2	2	2	2	2	1	-	1	1	1	1	1	2	2	2	2	2	2	2	2	-	1	-	1	1	1	1	1	1	1	1	1	1	1	1	1	1	1	1	1	1	-	1	2	2	-	2	2	1	1	-	1	1	1	1	1	1	-	2	1	1	1	1	1	1	1	1	-	1	1	-	1	1	1	1	1	1	-	2	2	2	2	2	2	2	2	-	1	1	1	1	1	1	1	1	1	1	1	1	1	1	1
G_072	2	2	2	1	1	2	2	2	2	2	2	2	-	2	2	-	2	2	2	2	2	2	2	1	2	2	2	1	2	2	2	2	2	2	1	2	2	1	1	2	2	2	2	2	2	2	2	2	1	1	1	2	2	2	-	2	2	-	2	2	2	1	1	1	1	1	1	1	1	2	2	2	2	2	2	2	2	1	2	2	2	2	1	1	2	2	2	2	2	2	2	2	2	2	2	2	1	1	1	1	-	2	1	1	1	-	-	2	2	2	2	2	2	2	2	2	2	2	1	1	1	1	2	2	2	2	2	-	1/2	2	2	2	2	2	2	2	2	2	2	2	2	2	1	-	1	1	2	2	2	2	2	2	2	2	2	2	2	2	1	1	1	1	2	2	2	1	1	1	1	1	1	1	1	1	1	1	1	1	1	1	1	1	1	-	1	1	1	1	1	-	1	1	2	1	1	1	1	1	1	1
G_073	1	1	1	1	1	1	1	1	2	2	2	2	2	2	2	2	2	2	1	-	1	1	1	1	2	2	2	2	1	1	1	2	2	2	2	2	2	2	-	-	-	2	2	2	2	-	2	2	2	2	2	2	2	2	2	2	2	2	2	2	1	1	1	1	1	2	2	2	1	2	2	2	2	2	2	1	1	1	1	1	1	1	1	1	2	2	2	-	2	2	2	2	-	2	2	2	2	1	1	1	1	1	1	-	1	1	1	1	1	1	1	1/2	1/2	1/2	1/2	1/2	1/2	1	1	1	1	1	1	1	1	1	1	1	1	1	1	1	1	1	1	1	1	1	2	2	1	1	2	2	2	2	2	2	2	2	2	2	2	2	2	2	2	2	2	2	2	2	2	2	2	2	2	2	2	2	2	2	2	2	2	-	2	2	2	2	2	1	1	1	1	1	1	1	1	-	1	1	1	1	1	1	1	1	1	1
G_074	1	1	1	1	1	1	1	2	-	1	1	1	1	1	2	2	2	2	2	2	2	1	1	1	1	1	1	2	1	1	1	1	1	1	2	2	2	2	2	2	2	2	2	2	2	2	2	2	-	2	2	2	2	-	1	1	1	1	1	1	1	1	1	1	1	1	-	2	2	2	2	2	2	1	1	1	-	2	2	2	1	1	2	2	-	2	2	2	2	2	2	2	2	2	2	2	2	2	2	1	1	1	1	1	1	2	2	2	2	2	1	1	2	2	1	1	1	1	1	1	1	1	1	1	1	1	1	2	2	2	2	2	2	2	2	2	2	2	2	1	1	1	1	-	-	1	1	1	2	2	1	1	1	2	2	2	2	2	2	2	2	2	2	2	2	2	2	2	2	-	2	2	2	2	2	1	1	1	1	1	1	2	1	1	1	1	1	1	1	1	1	1	2	1	2	2	1	1	1	1
G_075	1	1	1	1	1	1	1	1	1	1	1	1	1	1	1	1	1	1	1	1	1	1	1	1	1	1	1	2	1	1	1	1	1	-	1	2	2	-	2	2	2	2	2	2	2	2	2	2	1	1	1	1	1	1	1	1	1	-	1	1	1	1	2	2	2	2	2	2	-	2	1	1	1	1	1	1	1	1	1	1	2	2	2	2	2	2	2	2	2	2	2	2	2	2	-	2	2	2	2	2	2	2	2	-	2	-	2	2	2	2	2	2	1	1	2	2	2	1	1	1	1	1	1	1	1	1	1	1	1	1	1	1	1	1	1	1	1	1	1	1	1	1	1	1	1	1	1	1	1	1	1	-	1	2	2	2	2	2	2	2	2	2	2	2	2	2	2	2	2	2	2	2	2	2	2	-	2	2	2	2	2	2	2	2	2	2	2	2	2	2	2	2	-	2	2	2	2	2	2	2
G_076	2	2	2	2	2	2	2	2	2	2	-	2	2	2	2	2	2	2	2	2	2	2	2	2	2	2	2	2	1	1	1	1	1	1	1	1	1	1	2	2	2	2	2	2	2	2	2	2	2	2	1	1	1	1	1	1	1	1	1	1	-	1	1	1	1	-	1	1	1	1	1	1	1	1	1	1	1	1	1	1	1	1	1	1	2	2	2	2	2	2	2	2	1	1	2	2	2	2	1	1	1	1	2	2	2	2	2	2	2	2	1	1	1	1	1	1	1	1	1	1	1	1	1	1	1	1	1	1	1	1	1	1	1	1	1	1	1	1	1	1	1	-	1	1	1	1	-	2	2	2	2	2	2	2	2	2	2	2	2	2	2	2	2	2	-	2	2	2	2	2	2	2	2	2	2	1	1	1	1	1	1	1	1	1	-	2	2	2	2	-	2	2	2	2	2	2	2	2	-	2
G_077	2	2	-	2	2	1	2	1	1	1	1	1	1	1	1	1	1	1	1	1	1	1	1	-	1	1	1	1	2	2	2	2	2	2	2	2	2	2	2	2	2	2	2	2	2	2	2	2	2	-	2	1	1	2	2	2	2	2	2	2	2	1	1	1	1	1	1	1	1	1	1	2	2	2	2	2	2	2	2	1	1	1	1	1	1	1	1	1	2	2	2	2	2	2	2	1/2	1	1	1	1	2	2	2	2	2	1	1	1	1	1	1	2	2	1	1	1	1	2	1	1	1	1	1	1	-	1	1	1	1	1	1	1	-	-	2	2	2	1	1	1	2	2	2	2	2	2	2	2	2	2	2	2	2	2	2	1	1	1	1	1	1	1	1	-	1	2	2	2	2	2	2	2	2	2	2	1	1	1	1	1	1	1	1	1	1	1	1	1	1	1	1	1	1	1	1	1	1	2	2	2
G_078	2	-	2	1	1	2	-	2	2	2	2	2	2	2	1	1	1	1	1	1	1	1	1	1	1	1	2	2	1	1	1	1	1	1	1	1	1	1	1	1	1	1	1	1	2	2	2	2	2	2	2	2	2	2	1	1	1	1	1	2	2	2	2	2	2	2	1	1	1	1	1	1	1	1	1	1	1	1	1	1	1	1	2	2	1	1	1	1	1	1	1	1	1	1	1	1	1	2	2	2	2	2	-	2	2	2	2	2	2	2	2	2	2	2	2	2	1	1	1	1	1	1	1	1	1	1	1	1	1	1	1	1	1	1	1	1	-	1	1	1	1	1	2	2	2	1	1	1	1	1	1	1	-	1	1	1	2	1/2	1/2	1/2	1/2	1/2	1	1	1	2	2	2	2	2	2	2	-	2	2	2	2	2	2	2	2	2	2	2	2	2	2	1	1	2	2	2	1	1	2	2	-	2	2	2
G_079	2	2	2	2	2	1	1	1	1	1	1	1	1	1	1	1	1	1	-	1	1	1	1	1	1	1	1	1	1	1	1	1	1	1	1	1	1	1	1	1	1	1	-	1	1	1	1	1	1	1	1	-	1	2	1	1	1	1	1	1	1	1	1	-	1	1	1	1	1	1	1	1	1	1	1	1	1	1	1	1	1	1	1	1	2	2	2	2	2	2	2	2	2	2	2	2	1	1	1	1	1	1	1	1	1	1	1	1	-	1	1	2	1	1	1	1	1	1	1	1	1	2	1	1	1	1	1	1	1	2	-	2	1	1	1	1	1	1	1	1	1	1	-	1	-	1	1	1	1	1	1/2	2	2	2	2	2	2	2	2	2	1	1	1	1	1	1	1	1	1	-	1	1	1	1	1	2	2	-	2	2	2	1	1	1	1	1	1	1	1	2	2	2	2	2	2	2	2	2	2	1
G_080	-	1	1	1	1	1	2	2	2	2	2	2	2	2	1	2	-	2	2	2	2	2	2	1	1	2	2	2	2	2	1	1	1	1	1	-	1	1	1	1	1	1	2	2	2	2	2	2	2	2	1	1	2	1	1	1	1	1	1	1	1	2	2	2	1	-	2	2	2	2	2	2	2	2	2	2	2	2	2	2	2	2	2	-	2	2	2	1	1	1	1	1	1	1	1	1	1	1	1	1	1	1	1	1	1	1	2	2	-	2	2	2	2	2	2	2	2	2	2	2	2	2	2	2	2	2	2	1	1	1	-	1	1	1	1	1	1	1	1	1	1	1	2	2	2	2	-	2	2	2	2	2	2	2	2	2	2	2	2	2	2	2	2	2	2	2	2	2	2	-	2	2	2	2	2	1	1	1	1	1	1	1	1	1	1	1	2	2	2	2	2	2	2	1	1	1	1	1	1	1
G_081	2	2	2	2	2	1	1	2	2	2	2	2	2	2	2	2	2	2	-	2	2	2	2	2	2	-	1	1	2	2	2	2	2	2	1	1	1	2	2	2	-	2	2	2	2	2	2	2	1	1	1	1	1	1	2	2	2	2	2	2	2	2	2	2	2	2	1	1	1	1	1	1	1	1	1	1	1	1	2	2	2	2	2	2	2	2	2	2	2	2	2	2	-	2	1	1	2	2	2	2	-	2	2	2	2	2	2	2	2	2	2	2	1	1	1	1	1	1	1	1	1	1	1	1	1	1	1	-	1	1	-	1	1	1	1	1	1	1	1	1	1	-	-	2	2	2	2	2	2	2	-	1/2	1/2	2	2	1	1	1	1	1	1	1/2	1	1	2	2	2	2	2	2	2	2	-	2	2	2	1	1	2	2	2	2	2	2	1	1	1	1	1	-	1	1	1	1	2	2	2	2	2	2
G_082	2	2	2	2	2	1	1	1	1	1	1	1	1	1	1	2	2	-	2	2	2	2	2	2	2	2	2	-	-	-	2	2	2	2	2	2	2	2	2	2	2	2	2	2	2	2	2	2	2	2	1	1	1	1	2	2	2	2	2	2	2	1	1	1	1	1	1	1	-	2	2	-	2	2	2	1	1	1	1	1	1	1	2	2	2	2	2	2	2	2	1	1	2	2	-	2	2	1	1	1	1	1	1	1	2	2	2	2	2	2	2	2	2	2	2	2	-	2	2	1	1	1	1	1	2	2	2	-	2	2	2	2	2	2	1	1	1	1	1	1	1	1	1	1	1	1	1	-	1	1	1	2	2	2	2	2	2	2	2	2	2	-	1	-	1	1	1	-	1	1	1	1	1	1	1	2	2	2	2	2	2	2	2	2	2	2	2	2	2	2	2	2	2	2	2	2	2	2	2	-
G_083	2	2	1	2	2	1	1	1	1	1	1	1	1	1	1	1	1	1	1	1	1	1	1	1	1	1	-	1	2	2	2	2	2	2	2	2	2	-	1	2	2	2	2	2	2	2	2	2	-	2	2	2	2	2	1	-	1	1	1	1	1	1	1	1	1	1	1	2	-	2	2	2	2	1	2	2	1	1	2	2	2	2	2	1	2	2	2	2	2	2	2	2	2	2	2	2	1	1	1	1	2	2	2	2	-	1	1	1	-	1	1	1	2	2	2	2	2	1	1	1	1	1	1	1	1	1	1	1	1	1	1	1	1	1	1	1	1	1	1	1	1	1	2	2	-	-	2	2	2	2	2	2	2	2	2	2	2	2	2	2	2	2	2	2	2	2	2	2	2	2	2	2	2	2	2	1	1	-	2	2	2	2	2	2	2	2	2	2	2	2	2	2	2	2	1	1	1	1	1	1
G_084	2	2	2	2	2	2	2	1	1	1	1	2	2	2	2	2	2	2	2	2	1	1	1	1	1	1	2	1/2	1	1	1	1	1	1	1	1	1	1	1	2	2	2	2	2	2	2	2	2	1	1	1	1	1	1	1	1	1	1	1	-	2	2	2	2	2	2	1	1	1	1	1	1	1	1	1	1	1	-	1	1	2	2	1	1	1	-	1	1	1	1	1	1	1	1	1	1	2	2	2	2	2	2	2	2	2	2	2	2	2	2	2	1	1	1	1	1	1	1	1	1	1	1	-	2	2	2	2	2	2	2	2	2	2	2	2	2	2	2	2	2	2	1	2	2	-	2	2	2	2	2	-	2	2	2	2	2	2	2	2	2	2	2	2	2	2	2	2	2	2	2	2	2	2	2	2	1	1	1	1	1	1	1	1	1	1	1	1	-	1	1	1	1	1	1	1	1	-	1	1	1
G_085	2	2	2	2	2	1	1	1	2	2	2	2	2	2	1	2	2	2	2	2	2	2	2	2	2	2	1	1	1	1	1	1	2	2	2	2	2	2	2	2	2	2	2	2	2	-	2	2	2	2	2	2	-	2	1	1	1	1	1	1	1	1	1	1	1	1	1	1	1	1	1	1	1	1	1	1	1	1	1	1	1	1	2	-	2	2	2	2	2	2	2	2	2	2	2	2	2	2	2	2	2	2	2	2	2	2	-	2	2	2	1	1	1	2	1	1	1	1	1	1	1	1	1	1	1	1	1	1	1	1	1	1	1	1	1	1	1	1	1	1	1	1	2	2	2	2	2	2	-	2	2	2	2	2	2	2	2	-	1	1	1	1	1	1	1	1	1	1	1	1	1	1	1	1	1	1	1	1	1	1	1	1	1	1	2	2	2	2	-	2	2	2	2	2	2	-	2	1/2	1/2	1/2
G_086	1	1	1	1	2	2	1	2	2	2	2	2	2	2	2	2	2	2	2	-	2	1	1	1	1	1	1	1	2	2	2	2	2	2	-	1	1	1	1	1	1	1	1	1	1	1	2	2	2	2	2	2	2	2	1	2	2	2	2	2	2	2	2	2	2	2	2	2	2	2	2	2	2	1	1	1	1	1	2	2	2	2	1	1	1	1	1	1	1	1	2	2	2	2	2	2	1	1	1	1	1	1	1	1	1	1	1	1	1	1	1	1	2	2	1	1	1	1	1	1	1	1	1	1	1	-	1	1	1	1	1	1	1	1	1	1	1	1	1	1	1	1	-	1	1	1	-	1	1	1	1	1	1	1	1	2	2	2	2	2	2	1	1	1	1	1	1	-	1	-	1	1	1	1	1	2	-	2	2	2	2	2	2	2	2	2	2	2	2	2	2	2	2	2	2	2	2	2	-	2
G_087	1	1	-	1	1	1	1	1	1	1	1	1	1	1	1	1	1	1	1	1	1	1	-	1	1	1	1	1	1	2	2	2	2	2	2	2	2	2	1	1	1	1	1	1	1	1	1	1	1	1	1	1	-	2	1	1	1	1	1	1	1	2	2	2	2	2	2	1	1	1	1	1	1	1	1	1	1	1	2	1	1	1	1/2	1	2	2	2	2	2	2	2	2	2	2	2	2	2	2	2	2	-	2	2	2	1	2	2	2	2	2	2	2	2	2	1	1	1	1	1	1	1	1	1	1	-	2	1	1	1	1	1	1	2	2	2	2	2	2	2	2	2	1	1	1	1	2	2	2	-	2	2	1	2	1	1	2	1	1	1	1	1	1	1	1	1	1	1	2	2	2	2	1	1	2	2	2	2	2	2	2	2	2	2	2	1	1	1	1	1	2	2	2	1/2	1/2	1	2	2	2	1	1
G_088	1	1	1	2	2	2	1	-	1	1	1	2	2	2	2	1	1	1	1	1	1	-	1	-	2	2	-	2	2	2	1	2	2	2	2	2	2	2	2	2	2	2	-	1	1	1	1	1	1	1	2	-	2	2	2	2	2	2	2	2	2	2	2	2	-	2	2	2	2	2	2	2	2	2	2	1	1	1	1	1	1	-	1	-	2	2	2	2	-	2	2	2	2	-	2	2	2	2	2	2	2	2	2	2	2	2	2	2	2	2	2	2	2	2	-	2	2	1	-	1	1	1	2	2	-	2	2	2	2	2	2	2	2	-	2	2	2	2	2	2	2	2	2	2	2	1	1	1	1	1	1	1	-	-	-	2	2	2	2	2	2	2	-	2	2	2	2	2	2	2	2	2	2	2	2	1	1	1	1	1	1	1	1	1	2	2	2	2	2	-	1	1	1	1	2	2	2	2	2	1
G_089	1	1	1	1	1	1	1	1	1	1	1	1	1	1	1	1	1	1	1	1	1	-	1	1	1	1	1	1	2	2	2	2	-	2	2	1	1	-	1	1	1	1	1	1	1	1	1	-	1	1	1	1	1	1	1	1	1	1	1	1	1	1	2	2	2	2	2	-	2	2	2	2	2	2	2	2	1	1	1	1	2	2	2	2	-	2	-	2	2	2	2	2	1	1	-	1	2	2	2	2	1	1	1	1	-	2	2	2	2	2	2	2	2	2	2	2	2	2	2	1	1	2	2	2	1	1	1	1	1	1	1	1	1	1	1	1	1	1	1	1	1	1	1	1	-	2	2	-	2	2	2	2	2	2	2	2	2	2	2	2	2	2	2	2	2	2	2	2	2	2	2	2	2	2	2	1	2	2	2	2	2	2	2	2	2	-	2	2	2	2	2	2	2	2	1	-	1	1	1	1
G_090	1	1	1	1	1	1	1	1	1	1	1	-	1	1	1	1	1	1	1	1	1	1	1	1	1	1	1	1	2	2	2	2	2	2	2	-	2	2	2	2	2	2	2	2	2	2	2	2	2	2	2	2	2	2	1	1	1	1	1	1	1	1	2	2	2	2	2	2	2	2	1	1	1	1	1	2	2	2	2	2	2	2	2	2	2	1	2	1	1	1	1	1	-	1	2	2	2	2	2	2	2	2	2	2	2	2	2	2	2	2	2	2	2	2	2	2	2	2	2	2	2	2	2	2	2	2	2	2	2	2	2	2	2	2	2	2	2	2	2	2	2	1	2	2	2	2	2	2	2	2	2	2	2	2	2	2	2	2	2	2	2	2	1	1	1	1	1	1	1	-	1	1	1	-	2	1	1	1	1	2	2	2	2	2	1	1	1	1	1	1	2	2	2	2	2	2	2	2	2	2
G_091	1	1	1	1	1	1	2	2	-	2	2	2	2	2	2	1	1	1	1	1	1	-	1	1	1	1	1	2	1	1	1	1	1	1	1	1	1	-	-	2	2	-	2	2	-	2	2	2	2	2	2	2	2	2	2	2	2	2	2	2	2	2	2	2	2	2	2	2	2	2	2	2	2	2	2	2	2	2	2	2	1	1	1	1	1	1	1	1	1	1	1	1	1	1	1	1	1	1	1	1	1	1	1	1	1	2	2	2	2	2	2	1	1	1	1	1	1	1	1	1	1	1	1	1	1	2	2	2	2	2	2	2	2	2	2	2	2	2	2	2	2	2	2	2	2	2	2	2	2	2	2	2	2	2	2	2	2	2	2	2	2	-	1	1	1	1	1	1	1	1	1	1	1	1	1	2	1	1	1	1	2	2	2	2	2	2	2	-	2	1	1	1	1	1	2	2	2	2	2	2
G_092	2	2	2	2	2	1	1	1	1	1	1	1	1	1	1	1	1	1	1	1	1	1	1	1	1/2	1	2	2	2	2	2	2	2	2	2	2	2	2	1	2	2	2	2	2	2	1	1	1	1	1	1	1	1	1	2	2	2	2	2	2	2	2	2	2	2	2	1	1	2	2	2	2	2	2	2	2	2	2	2	1	1	1	1	1	2	2	2	2	-	2	2	2	2	2	2	2	2	2	2	2	2	2	2	2	2	2	2	2	2	2	1	1	1	1	1	1	1	1	1	2	2	2	2	-	2	-	2	1	1	1	1	-	1	1	1	1	1	1	1	1	1	1	2	-	2	2	2	-	2	2	2	2	2	2	2	1	1	1	1	1	1	1	1	1	1	1	2	2	2	2	2	1	1	-	1	2	2	-	2	-	2	2	2	2	1	1	1	1	1	2	2	2	1	1	1	1	1	1	1	1
G_093	2	2	2	2	2	2	2	2	2	2	2	2	2	2	2	2	2	2	2	2	2	1	1	1	1	1	1	1	2	2	2	2	2	2	2	2	2	2	2	2	2	1	1	1	1	1	1	1	1	1	1	1	1	1	1	1	1	1	1	1	-	1	-	1	1	-	1	1	1	-	1	1	1	2	2	2	2	2	2	2	2	2	1	1	2	2	2	2	2	2	2	2	2	2	2	1	1	1	1	1	2	2	2	2	2	2	2	2	2	2	2	1	2	2	-	1	1	1	1	2	2	2	2	2	2	2	2	2	2	-	2	1	1	1	1	1	1	1	1	1	2	2	1	1	1	1	1	1	1	1	1	-	1	1	2	2	2	-	2	2	2	2	2	2	2	2	2	2	2	2	2	2	2	2	2	2	2	2	2	2	2	2	2	2	2	2	2	2	2	1	1	1	1	1	2	2	2	-	2	2
G_094	1	1	2	1	1	1	-	1	1	1	1	1	1	1	1	1	1	1	1	1	1	1	-	2	1	1	2	2	2	2	1	1	2	2	1	2	2	2	2	2	2	2	2	2	1	1	1	1	2	2	2	1	1	-	1	1	1	1	1	1	1	1	1	1	1	1	1	1	1	1	1	1	1	1	1	1	1	1	1	1	1	1	1	1	2	2	-	2	2	2	2	2	1	1	1	1	1	1	1	1	1	1	1	1	1	1	-	1	1	1	1	2	2	2	2	2	2	1	1	1	1	1	1	1	1	1	1	-	1	1	1	1	1	1	2	2	2	2	2	2	2	-	1	1	1	1	1	-	1	1	1	1	1	1	1	1	1	1	1	1	1	1	-	1	1	1	1	1	1	1	1	1	1	1	1	1	1	1	1	1	1	1	1	1	1	1	1	1	1	1	1	1	2	2	2	2	2	2	2	2
G_095	2	2	2	2	2	2	1	2	2	2	2	2	1	1	1	1	1	1	1	1	1	1	-	1	2	2	1	1	1	1	1	1	1	1	1	1	1	2	2	2	2	2	2	2	1	1	1	1	2	2	2	2	2	2	2	1	1	1	1	1	1	1	1	1	-	1	1	-	1	1	1	1	1	1	1	1	1	1	1	1	1	1	1	1	2	2	2	2	2	2	2	2	2	2	2	2	1	2	1	1	1	1	2	2	2	2	2	2	2	2	2	2	2	2	1	1	1	1	1	1	1	1	1	1	1	-	1	1	1	1	1	1	1	1	1	1	1	1	1	1	1	1	2	2	2	1	2	2	-	2	2	2	2	2	2	2	2	1	1	1	2	2	2	2	2	2	2	2	2	2	2	2	2	2	2	2	2	2	2	2	2	2	2	2	1	1	1	1	1	-	1	1	1	1	2	2	2	2	2	2
G_096	2	2	2	2	2	1	-	2	2	2	2	2	2	2	2	2	2	2	2	2	2	1	1	1	1	1	1	1	1	1	-	1	1	1	2	1	1	1	1	1	1	1	1	1	1	1	1	1	1	1	1	2	2	2	2	2	2	2	2	2	2	1	1	1	1	1	2	2	1	1	1	1	1	1	1	1	1	1	1	2	2	2	2	1	1	1	1	1	1	1	1	1	1	1	1	1	2	2	2	2	2	2	2	2	2	1	1	-	1	1	1	1	2	-	2	2	2	2	2	2	2	2	1	1	1	1	1	1	1	1	1	1	1	1	1	1	1	2	2	2	2	2	1	1	1	2	2	1	1	1	1	1	1	1	1	1	1	-	1	1	1	1	-	1	1	1	1	1	1	1	1	1	1	1	1	1	1	1	1	1	1	1	-	1	1	1	1	1	1	1	1	1	-	1	-	2	2	2	2	2
G_097	1	1	1	1	1	1	1	1	1	1	1	1	1	1	1	1	1	1	1	1	2	2	2	2	1	1	1	2	2	2	2	2	2	2	1	-	1	1	1	1	1	1	1	-	1	1	1	1	2	1	1	2	2	2	1	1	1	1	2	2	2	1	1	1	1	1	1	1	1	1	1	1	1	1	1	1	-	1	1	1	1	1	2	2	2	2	2	1	1	2	2	2	2	2	2	2	2	1	1	1	1	1	2	2	2	1	1	1	1	1	1	1	1	1	1	1	1	1	1	1	1	2	2	2	-	2	2	2	2	1	1	1	1	1	1	1	1	2	2	2	1	1	1	1	1	1	2	2	2	2	2	2	2	2	2	2	-	2	2	2	2	2	2	2	2	2	2	2	2	2	2	2	2	-	2	1	1	1	1	-	1	1	1	1	1	1	1	1	1	-	1	1	1	1	1	1	1	1	1	1
G_098	1	1	1	1	1	1	-	2	2	2	2	2	2	2	2	2	2	2	2	2	1	2	2	1	1	1	1	1	1	1	1	1	1/2	1/2	2	2	2	2	2	2	2	2	2	2	2	2	-	2	2	-	1	1	1	2	1	2	2	2	2	2	2	2	2	2	2	2	2	2	2	2	2	2	2	1	2	2	-	2	2	1	1	1	2	-	2	-	2	2	2	2	2	2	2	2	1	1	1	1	1	1	1	1	1	1	1	2	2	2	2	2	2	2	2	2	1	1	1	1	1	1	1	1	2	2	2	-	2	-	2	2	2	2	2	2	2	2	2	2	2	2	2	2	2	2	2	2	2	1	2	2	2	1	1	1	1	1	-	1	1	1	1	2	2	2	2	2	2	2	2	2	2	1	1	1	1	2	1	1	1	1	1	1	1	1	1	1	1	1	-	1	1	1	2	2	2	2	2	1	1	2
G_099	1	1	1	2	2	1	1	1	1	1	1	1	1	1	2	2	2	2	2	2	1	1	1	1	1	1	-	2	1	1	2	-	2	-	2	2	2	2	2	2	2	2	-	2	2	2	2	2	2	2	1	1	1	1	2	2	2	2	2	2	2	2	2	2	2	2	2	1	1	1	1	1	1	1	1	1	1	1	1	1	1	1	2	2	1	1	1	1	1	1	1	1	1	1	1	1	1	1	1	-	1	1	1	1	1	2	2	2	2	2	2	2	2	2	2	2	2	2	2	2	2	-	2	2	2	2	2	2	2	2	2	-	1	2	2	2	2	2	1	1	1	1	1	1	-	1	1	1	-	1	1	1	1	1	1	1	1	1	1	-	1	1	1	1	2	2	2	2	2	1	-	1	1	1	1	1	1	1	1	2	2	2	2	2	2	2	2	2	2	1	1	1	2	2	1	1	1	-	-	-
G_100	2	2	2	2	2	-	2	1	1	1	1	1	1	1	1	2	2	2	2	2	2	2	2	2	2	2	2	2	2	1	1	1	1	1	1	1	1	1	1	1	1	1	1	1	1	1	1	1	1	1	1	1	1	1	2	2	2	2	2	2	1	1	1	1	1	2	1	1	1	1	1	1	1	1	1	1	1	1	1	1	1	1	2	2	2	2	2	2	2	2	2	2	1	1	1	1	1	1	1	1	2	2	2	2	2	2	2	2	2	2	1	1	1	-	1	1	1	1	1	1	1	1	1	1	1	1	1	1	1	-	2	2	2	2	2	2	2	-	2	2	2	2	1	1	1	-	1	1	1	1	1	1	1	1	1	1	1	1	1	1	1	1	2	2	2	1	1	1	1	1	1	-	1	1	1	1	1	1	1	1	2	2	2	-	2	2	2	2	2	2	2	2	-	1	2	2	2	2	2	2
G_101	1	1	1	1	1	1	1	1	1	1	1	1	1	1	1	1	1	1	1	1	1	1	1	-	1	2	2	2	2	2	2	1	1	1	1	1	1	-	1	1	1	1	1	1	1	1	1	1	1	1	1	1	1	1	-	2	2	2	2	2	2	2	1	1	1	1	2	2	2	2	2	2	1	1	1	1	1	1	-	1	1	1	2	2	1	1	1	-	1	1	1	1	1	1	1	1	1	1	1	1	1	1	1	1	1	1	1	1	1	1	1	1	1	1	1	1	1	1	1	1	1	1	1	1	1	1	1	1	1	1	1	1	2	2	2	2	-	2	2	2	2	2	1	1	1	1	1	1	1	1	1	1	1	1	-	1	1	1	1	1	1	1	1	1	1	1	1	1	1	1	1	1	1	1	1	1	1	1	-	1	1	1	1	1	1	1	1	1	1	2	2	2	2	2	2	2	2	2	2	2
G_102	1	1	1	1	1	1	1	1	1	1	1	1	1	1	1	1	1	-	1	1	1	1	1	1	2	-	2	2	1	1	1	1	1	1	1	1	1	1	1	1	1	1	1	1	1	1	1	1	1	1	-	-	1	1	2	-	2	2	2	2	2	-	2	2	2	2	1	1	1	1	-	1	1	1	1	2	2	2	2	2	1	1	1	1	2	2	2	2	2	2	-	2	2	2	2	2	1	1	1	1	1	-	1	1	1	2	2	-	2	2	2	2	2	2	2	2	2	1	2	1	1	1	1	1	1	1	1	1	-	1	1	1	1	1	1	1	1	1	1	1	2	2	1	1	1	1	-	1	1	1	1	1	1	2	1	2	2	-	2	2	2	2	2	2	2	2	2	-	-	-	2	2	2	2	2	2	2	2	2	2	2	2	2	2	2	2	2	2	-	2	2	-	1	1	1	1	1	1	1	1
G_103	2	2	2	2	2	2	1	1	1	1	1	1	1	1	1	1	1	2	2	2	2	1	1	1	1	1	1	1	2	2	2	2	2	2	2	2	2	2	2	2	2	2	2	2	2	2	2	-	-	2	2	2	2	2	-	1	1	1	1	1	1	2	2	2	2	2	1	2	2	2	2	2	2	2	2	2	2	2	2	2	1	1	2	2	2	2	2	2	2	2	2	2	2	2	2	2	1	1	-	1	-	1	1	1	1	2	-	2	2	2	2	2	2	2	1	-	1	-	2	2	2	2	2	2	-	2	2	2	2	2	2	2	2	2	2	2	2	2	2	2	1	1	-	1	1	1	1	1	1	1	1	1	2	1	1	1	1	1	1	1	1	1	1	1	1	-	1	1	1	1	1	1	1	1	1	2	2	2	2	2	2	2	2	2	2	2	2	2	2	2	2	2	2	2	1	1	1	1	1	1
G_104	1	1	1	1	1	1	1	1	1	1	1	1	1	1	1	1	-	1	1	1	1	1	1	-	1	1	1	1	2	2	2	2	1	1	1	1	1	1	1	1	1	-	1	1	1	1	1	1	1	1	1	-	1	1	-	1	1	1	1	1	1	1	1	1	1	1	1	1	1	2	2	2	2	2	1	2	1	1	2	2	2	2	2	2	1	1	1	1	1	2	2	2	2	2	2	2	2	2	2	2	2	2	-	2	2	2	2	2	2	2	-	2	2	2	1	1	1	1	1	1	1	1	1	1	1	1	1	1	1	1	1	1	1	1	2	2	2	2	2	2	-	2	1	1	1	1	2	2	2	2	1	1	1	1	1	1	1	-	1	1	1	1	1	1	1	1	1	1	1	1	1	1	1	1	-	2	2	2	2	2	2	2	1	1	1	-	1	1	1	1	1	1	1	1	2	2	2	2	2	2
G_105	1	1	1	1	1	1	1	1	1	1	1	-	1	1	1	1	1	1	1	1	1	1	1	1	1	1	1	1	1	1	1	1	2	2	2	2	2	2	2	1	1	1	1	1	1	1	1	1	1	1	1	1	2	2	1	1	1	1	1	1	-	1	1	1	1	1	1	1	1	1	1	1	1	1	1	1	1	1	2	2	1	1	2	1	1	1	1	1	1	1	1	1	1	1	1	1	1	1	1	1	1	2	2	2	2	1	1	1	1	1	-	2	2	1	1	1	2	2	2	2	2	2	2	2	2	2	2	2	2	2	2	2	2	2	2	2	2	2	2	2	2	2	-	2	2	2	1	1	2	2	2	2	2	2	2	1	1	2	2	2	2	2	2	2	2	2	2	2	1	-	2	2	2	2	2	2	2	2	2	1	1	-	2	2	1	1	1	1	2	2	2	2	2	2	2	2	2	2	2	2
G_106	1	1	1	1	1	1	1	1	1	1	1	1	1	1	2	2	2	-	2	2	2	2	2	2	2	2	2	1	-	1	1	1	1	1	1	1	1	1	1	1	1	1	1	1	1	1	1	1	1	1	1	1	1	1	1	2	2	2	2	2	1	2	2	2	2	2	1	1	2	2	2	2	2	2	2	2	2	2	1	1	1	1	2	2	2	1	1	1	1	1	1	2	2	2	2	2	2	1	1	1	2	2	2	2	2	1	1	1	1	1	1	2	-	2	2	2	2	2	2	1	1	1	1	1	1	1	-	1	-	1	1	1	1	1	1	1	1	2	-	2	1	2	1	1	1	1	1	1	1	1	-	1	1	1	1	1	-	1	1	1	1	1	1	1	2	2	2	2	2	2	2	2	2	-	2	1	1	1	1	1	1	1	1	1	2	2	2	2	2	1	1	1	1	1	1	1	1	-	1	1
G_107	1	1	-	1	1	2	2	2	-	2	2	2	-	2	1/2	1/2	1/2	1/2	1/2	1	1	2	2	1	1	1	1	2	2	-	2	1	1	1	1	1	1	1	1	1	1	1	1	1	1	1	1	1	1	1	1	1	1	1	2	2	2	2	2	2	2	2	2	2	2	2	2	2	-	2	2	2	2	2	2	2	1	1	1	1	1	1	2	1	1	1	1	1	1	1	1	1	1	1	1	1	1	1	1	1	1	1	1	1	1	1	1	1	1	1	1	1	1	1	1	1	1	1	1	1	1	1	1	1	1	-	1	1	1	1	2	2	2	2	2	2	2	2	2	2	2	2	2	2	2	2	2	2	2	2	2	2	2	2	2	2	2	1	1	1	1	1	1	1	1	1	1	1	1	1	1	1	1	-	1	2	2	2	2	2	2	2	2	2	2	2	2	2	2	2	-	2	1	1	1	1	1	1	1	1
G_108	1	1	1	1	1	2	2	-	1	1	1	1	1	1	1	1	1	1	1	1	1	1	1	1	1	1	1	1	2	2	1	1	2	2	2	2	2	2	2	2	2	2	2	-	2	2	2	-	2	2	2	2	2	2	1	1	1	1	1	1	1	1	1	1	1	1	1	2	2	2	2	2	2	2	2	2	2	2	2	2	2	2	2	2	2	2	-	2	2	2	2	1	1	1	1	1	1	1	1	1	1	1	1	1	1	1	1	1	1	1	1	1	1	2	-	2	2	2	2	2	2	2	2	2	-	2	2	2	2	2	2	2	2	2	2	2	2	2	2	2	2	2	1	1	1	1	1	1	-	1	1	1	1	1	1	1	1	1	1	1	1	1	1	1	1	1	1	1	-	2	2	2	2	2	2	-	2	-	2	2	2	2	2	2	2	2	2	2	2	2	2	2	2	2	2	-	2	2	-	2
G_109	1	1	1	1	1	1	1	1	2	2	2	2	2	2	2	2	2	2	2	2	2	1	1	1	1	1	1	1	2	2	2	2	2	2	-	1	1	-	1	1	1	1	1	1	1	1	1	1	2	2	2	-	2	2	1	1/2	1/2	1/2	1/2	2	2	2	2	2	2	1	1	1	1	1	1	2	2	2	2	2	2	2	2	2	2	2	2	2	2	2	-	2	2	2	2	2	2	2	2	2	2	2	2	2	1	1	1	1	1	2	2	2	2	2	1	1	1	1	1	1	1	-	1	1	1	1	1	1	1	1	1	1	1	1	1	1	1	1	1	1	1	1	1	1	1	1	1	1	1	1	2	2	2	2	2	2	2	2	2	2	-	2	2	2	2	2	2	2	2	2	2	2	2	2	2	2	2	1	1	1	1	1	1	1	1	-	1	1	1	1	1	-	1	1	1	1	1	-	-	1	1	1	1	1
G_110	2	2	2	-	2	2	2	1	1	1	1	1	1	1	1	1	1	1	1	1	1	1	1	1	1	1	1	1	2	2	2	2	2	2	2	2	2	2	1	1	-	1	1	1	1	1	1	1	1	1	1	2	2	2	1	2	2	2	2	2	2	2	1	-	1	-	2	2	2	2	2	2	2	2	2	1	2	2	2	1	1	1	2	2	-	2	2	-	2	2	1	1	1	1	1	1	-	1	1	1	1	1	1	1	1	2	2	2	1	1	1	1	1	1	1	1	-	1	1	2	2	1	1	1	1	1	-	1	1	1	2	2	2	2	2	2	2	2	2	1	1	1	2	2	2	2	2	2	2	2	2	2	2	2	2	2	2	1	1	1	1	1	1	1	-	2	2	2	2	2	2	1	1	2	2	2	2	2	2	2	2	1	1	1	1	1	2	2	2	1	1	1	1	1	1	1	2	2	2	2
G_111	1	1	1	-	1	2	2	2	2	2	2	2	2	2	2	2	2	2	2	2	2	2	2	2	2	2	2	2	1	1	2	2	2	2	2	1	1	1	2	2	2	2	2	2	2	2	2	-	2	2	2	1	-	2	1	1	1	2	2	2	1	2	2	2	2	2	2	2	2	2	2	2	2	2	2	2	-	2	2	2	2	2	2	-	2	2	2	2	2	2	2	2	2	2	2	2	2	2	2	1	1	1	1	1	-	2	2	2	2	-	2	-	1	2	2	2	2	2	2	2	2	2	2	2	2	2	2	2	2	2	2	2	2	2	-	2	2	2	2	2	1	1	-	1	1	1	2	2	2	-	2	2	2	2	2	-	2	2	-	2	2	2	2	2	2	2	2	-	-	-	2	2	2	2	2	1	1	1	1	1	1	-	1	1	2	2	2	1	1	1	1	1	1	1	2	2	2	2	2	2
G_112	2	2	2	2	2	2	2	2	2	2	2	2	2	2	2	2	2	2	2	2	2	2	2	2	2	2	2	2	1	1	1	2	1	1	1	1	1	1	1	1	1	1	1	1	1	1	1	1	1	1	1	1	1	2	1	1	1	1	1	1	1	1	1	1	1	1	-	2	2	2	2	2	1	1	1	1	1	1	2	2	2	2	2	1	1	1	1	1	2	2	2	2	2	-	2	2	1	1	1	1	1	1	1	1	1	1	1	1	1	1	1	1	2	2	1	1	1	1	-	1	1	1	1	1	1	1	1	1	1	1	1	1	1	1	1	1	1	1	1	1	1	1	2	2	2	1	1	1	1	-	1	1	1	1	1	1	2	1	2	2	2	2	2	2	2	2	1	1	1	1	1	1	1	1	1	-	2	2	2	2	2	2	2	2	1	1	1	1	1	1	1	1	1	1	1	1	1	1	1	1
G_113	2	2	2	2	2	2	2	2	2	2	-	2	2	2	2	2	2	2	2	2	2	2	2	2	2	2	2	2	2	2	1	1	1	1	-	1	-	1	1	1	1	1	-	1	1	1	1	1	1	1	1	1	1	2	2	2	2	2	2	2	1/2	2	2	2	2	2	2	2	2	2	2	2	2	2	2	2	2	2	2	2	2	2	2	2	1	2	2	2	2	2	2	2	-	-	2	2	2	2	2	2	2	2	2	1	1	1	1	1	1	1	1	1	1	2	1	1	1	1	1	1	1	1	1	1	1	1	1	1	1	1	-	1	1	1	1	1	1	1	1	1	1	1	1	1	1	2	2	2	2	2	-	2	2	1	1	1	2	2	2	2	2	2	2	2	2	2	2	2	2	2	2	-	2	2	2	1	1	1	1	1	1	1	1	1	2	2	2	2	2	1	1	1	1	1	2	2	2	2	2	2
G_114	1	1	1	1	1	1	1	1	1	1	1	1	1	1	2	2	2	2	2	2	2	-	2	2	2	2	1	1	2	2	2	2	2	2	2	2	-	2	1	1	1	1	1	1	1	1	1	1	-	1	1	1	1	1	1	1	1	1	1	2	2	2	2	2	2	2	2	-	2	2	2	2	2	2	2	2	2	2	2	1	2	2	-	1	-	1	1	1	1	1	1	1	1	1	1	1	1	1	1	1	1	1	1	1	1	2	2	2	2	2	2	-	2	1	1	1	1	1	1	2	2	1	-	1	1	1	1	1	1	1	1	1	1	1	-	1	1	1	1	1	1	1	2	2	2	1	1	1	1	1	1	-	1	1	1	1	1	1	1	1	1	1	1	1	1	1	1	1	-	1	1	2	2	2	2	1	1	1	1	1	1	1	1	1	1	1	1	1	1	1	-	1	1	1	1	1	1	1	1	1
G_115	1	-	1	1	1	1	2	2	2	2	2	-	2	1	2	2	2	2	2	-	2	2	2	2	2	2	1	1	2	-	2	2	2	2	2	2	2	2	2	-	2	2	2	2	2	2	2	2	2	2	2	2	2	2	1	2	2	2	-	1	1	1	1	1	1	1	2	2	2	2	2	2	2	-	2	2	2	2	2	2	2	2	-	2	1	1	1	1	1	1	1	1	2	2	-	1	2	2	2	2	2	2	2	-	2	2	2	2	2	2	2	2	2	2	1	1	1	1	1	1	1	2	2	2	2	2	2	2	2	2	2	2	-	-	1	1	1	1	1	1	1	1	1	1	1	1	1	1	1	1	2	2	2	2	2	1	1	1	1	1	1	1	1	1	1	1	1	1	1	1	1	1	1	1	1	1	1	1	2	2	2	2	2	2	1	1	1	1	1	1	1	1	1	1	1	1	1	1	1	1
G_116	2	-	2	2	2	1	1	1	1	1	2	2	-	2	2	2	2	2	2	2	1	1	1	1	1	1	2	2	1	1	-	1	1	-	2	1	2	1	1	1	1	1	1	1	1	1	1	1	1	1	1	1	1	1	1	2	2	2	2	2	2	2	2	2	2	2	2	2	2	2	2	2	1	1	1	1	1	1	1	-	2	2	2	2	1	1	1	1	1	-	1	1	1	1	1	1	1	1	1	1	2	2	2	2	-	1	1	1	1	1	2	2	-	2	2	-	2	1	1	1	1	1	1	-	1	1	1	1	1	1	-	1	1	1	1	1	1	1	1	1	1	1	2	1	1	1	2	2	2	2	2	2	2	2	2	2	2	2	2	2	2	2	2	2	2	2	2	2	2	2	2	2	2	2	2	1	1	2	2	2	2	2	2	2	1	1	1	1	1	1	1	1	1	1	1	1	1	1	1	1
G_117	2	2	2	2	2	2	2	2	2	2	2	2	2	2	2	1	1	1	1	1	1	2	2	2	2	2	2	2	2	2	2	2	2	2	2	2	2	2	2	2	2	2	2	2	2	2	-	1	2	2	2	2	1	1	1	1	1	1	1	1	1	1	-	1	1	1	1	1	1	1	1	1	1	1	1	1	1	1	2	2	2	2	2	2	2	2	2	2	1	1	1	1	1	1	2	2	2	2	2	2	2	2	2	2	2	1	1	1	1	1	2	2	2	2	2	2	2	1	2	2	2	2	2	2	2	2	2	2	2	2	2	2	2	2	2	2	2	2	2	2	2	2	-	1	1	1	1	1	1	1	1	2	2	2	2	2	2	2	2	2	2	2	2	2	2	2	2	2	2	1	1	1	1	1	1	1	1	1	1	-	1	1	1	1	2	2	-	2	2	2	2	2	2	2	2	2	-	2	2	2
G_118	2	2	2	2	2	2	2	1	1	1	1	1	1	1	1	1	1	-	1	1	1	1	1	1	1	1	1	1	1	1	2	2	2	2	2	1	1	1	1	1	1	1	1	1	1	2	2	2	2	1	-	1	1	1	2	2	2	2	2	-	2	1	1	1	1	1	1	1	1	2	2	2	2	2	2	1	1	1	1	2	2	2	2	2	2	2	2	2	2	2	2	2	1	1	1	1	2	2	2	2	2	2	2	2	2	1	1	1	1	1	1	1	2	2	2	2	2	-	2	1	1	1	2	2	2	2	2	2	2	-	1	1	1	1	1	-	1	1	1	1	-	2	1	-	1	1	1	1	1	1	1	1	1	-	1	1	1	1	1	1	1	1	1	1	1	2	2	2	-	2	-	2	2	2	2	1	1	1	1	1	1	1	1	1	1	1	2	2	2	1	1	1	2	2	2	2	2	2	2	2
G_119	1	1	1	1	1	1	1	1	2	2	2	2	2	2	2	2	2	2	2	2	2	2	2	2	2	2	2	2	2	2	1	1	1	1	1	1	1	1	1	1	1	1	1	1	1	1	1	1	1	1	1	1	1	1	2	2	2	2	2	2	2	1	1	1	1	1	2	2	2	2	2	2	2	2	2	2	2	2	2	2	2	-	-	1	2	2	2	2	2	1	1	1	1	1	1	1	2	2	2	-	2	2	2	1	1	2	2	2	2	2	2	2	2	2	-	2	2	2	2	1	-	1	1	1	1	1	1	1	1	1	1	1	1	1	1	1	1	1	1	1	1	1	1	1	1	1	1	1	1	1	1	1	1	1	2	2	2	2	2	2	2	2	2	2	1	1	1	1	-	1	1	1	1	1	1	2	2	2	2	2	2	2	2	2	2	2	2	2	2	2	2	2	2	2	-	2	2	2	2	2
G_120	2	2	2	-	2	2	2	2	2	2	2	2	2	-	2	1	1	1	1	1	1	2	2	1	1	1	1	2	1	1	2	1	2	2	2	2	2	2	-	1	1	1	1	1	-	1	1	1	2	2	2	2	2	2	2	2	2	2	2	2	2	2	1	1	1	1	1	1	1	1	1	1	2	2	1	2	2	2	2	2	2	2	1	1	2	2	2	1	1	1	1	-	1	1	1	1	1	1	1	1	2	-	2	1	1	2	2	2	2	2	2	2	1	1	1	1	1	2	1	1	1	-	2	-	2	2	2	2	2	2	2	-	2	2	2	2	2	2	2	2	2	2	1	1	1	1	1	1	1	1	2	2	-	2	2	2	2	2	2	2	2	2	2	2	2	-	2	2	2	2	2	2	2	2	2	2	2	2	-	2	2	2	2	2	2	2	2	2	2	2	2	2	2	2	2	2	2	2	2	2
G_121	1	1	1	1	1	1	1	-	1	1	1	1	1	1	1	1	1	1	1	1	1	-	1	1	1	1	1	1	2	1/2	1	1/2	2	2	2	1	1	1	-	1	1	1	1	1	1	1	1	1	-	1	1	1	1	1	2	2	2	2	2	1	1	1	1	1	1	1	2	2	2	1	1	1	1	1	1	-	2	2	2	2	1	1	2	2	2	2	2	2	2	2	2	-	2	2	2	2	1	2	2	2	2	2	2	2	2	2	2	2	2	-	2	1	1/2	1	1	1	1	1	1	1	1	-	1	1	1	1	1	-	1	2	2	2	2	2	2	2	2	2	2	2	2	2	2	2	2	2	2	2	2	2	2	2	2	1	1	1	1	1	1	1	1	1	1	2	2	2	2	2	2	-	2	2	2	2	2	2	2	2	1	1	1	1	1	1	1	1	1	1	1	1	1	1	1	1	1	2	-	1	1	1
G_122	1	1	1	1	1	1	1	2	2	2	2	2	2	2	2	1	1	1	1	1	1	1	-	1	1	1	1	-	1	1	2	2	2	2	2	2	2	1	2	2	2	2	2	-	2	2	1	1	1	1	2	1	1	1	2	2	2	2	2	2	1	1	1	1	1	1	2	2	-	2	2	2	-	1	1	1	1	1	2	2	2	2	2	2	2	2	2	2	-	2	2	2	-	-	2	2	2	2	2	2	1	1	1	-	1	1	2	2	2	2	1	-	1	1	1	2	2	2	1	1	1	1	2	2	2	2	2	1	1	-	1	1	1	1	1	1	1	1	1	1	1	-	2	2	2	2	-	-	2	2	2	2	2	2	2	2	2	-	2	2	2	2	2	2	2	2	-	2	2	2	2	2	2	2	2	-	1	1	2	2	2	2	2	2	1	1	1	1	1	2	2	2	-	1	1	1	1	1	1	1
G_123	1	1	1	1	1	2	2	2	2	2	1	1	1	1	1	-	1	1	1	1	1	1	1	1	1	1	1	1	1	1	2	1	1	2	1	1	1	1	1	1	1	1	1	1	1	1	1	1	1	-	1	1	1	1	2	2	2	2	2	-	1	1	1	1	1	1	1	1	1	1	1	1	1	1	1	1	2	1	1	1	1	1	-	2	2	2	2	-	2	1	1	1	1	1	2	2	2	-	-	1	1	-	1	1	1	2	2	-	2	1	1	-	2	2	2	2	2	2	1	1	1	1	1	1	1	1	-	1	1	1	1	1	1	1	1	1	1	-	1	1	1	2	1	1	1	2	2	2	2	2	2	-	-	1	1	2	2	2	2	-	1	1	1	1	-	2	2	2	2	2	2	1	1	1	-	1	1	1	1	1	1	1	1	1	1	1	1	1	1	1	1	1	1	-	1	1	1	1	1	1
G_124	2	2	2	2	2	2	2	2	2	2	2	2	2	2	-	2	2	2	2	2	2	2	2	2	-	1	1	1	1	2	2	2	1	1	-	2	2	2	2	2	2	1	1	1	1	1	1	1	1	1	1	1	1	1	2	2	2	2	2	2	2	2	2	2	2	2	2	2	2	2	2	2	1	1	1	1	1	1	2	2	2	2	1	1	2	2	2	2	2	2	2	2	2	2	2	2	1	1	1	1	1	1	1	1	1	2	2	2	2	2	2	2	2	2	2	2	2	2	2	2	2	2	2	2	2	2	2	2	2	2	2	-	2	2	2	2	2	2	2	2	2	2	2	2	2	2	1	1	1	1	1	1	1	1	1	1	1	1	1	1	1	1	-	1	1	1	1	1	1	1	1	1	1	1	1	-	2	2	2	2	2	1	1	1	2	2	2	2	2	2	2	2	2	2	2	2	2	-	-	2
G_125	1	1	1	1	1	2	2	2	2	2	-	2	2	2	2	2	2	2	2	2	2	2	2	2	2	2	2	1	1	1	2	1	2	2	2	2	2	2	2	2	2	2	2	2	2	2	2	2	2	2	-	2	1	1	1	1	1	1	1	1	1	1	1	1	1	1	1	1	1/2	1/2	1/2	1/2	2	1	1	1	1	1	1	1	2	2	-	1	2	2	2	2	1	1	1	1	1	1	1	1	2	2	2	2	2	2	2	2	2	1	1	1	2	-	2	2	2	2	1/2	1/2	1/2	1	1	1	1	1	2	2	2	2	2	2	2	2	2	2	2	2	2	2	2	2	2	2	2	2	2	-	2	2	2	2	2	2	2	2	2	2	2	2	2	2	2	2	2	2	2	2	2	2	2	2	1	1	1	1	1	1	1	1	1	1	1	1	1	1	1	1	1	1	1	1	1	2	2	2	2	2	1	-	1	1	1	1
G_126	-	1	1	2	2	2	2	2	2	2	2	2	2	2	2	2	2	2	2	2	2	2	2	2	2	1	1	1	1	1	1	2	1/2	2	2	2	2	2	2	2	2	2	2	2	2	2	2	2	2	-	1	1	1	1	2	2	2	2	2	2	2	2	2	-	2	2	2	2	2	2	2	2	2	2	2	2	2	2	2	1	1	1	1	1	2	2	2	1	1	1	1	-	1	1	1	1	2	2	2	2	2	2	2	2	2	2	2	2	-	2	2	2	2	2	2	2	2	2	-	2	-	2	2	2	2	2	2	2	2	2	2	2	2	-	2	2	2	2	2	2	2	2	1	1	1	1	-	1	1	1	1	1	1	-	1	1	1	1	1	1	1	1	1	1	1	2	-	2	2	2	2	2	2	2	2	1	1	1	1	1	1	1	1	1	1	1	1	1	1	1	1	1	2	2	2	2	-	2	2	2
G_127	1	1	1	1	1	1	1	-	1	1	1	1	1	1	1	1	1	1	1	1	-	1	1	1	1	1	1	1	1	1	2	2	1	1	1/2	1	1	1	1	1	1	1	1	1	1	-	1	1	1	1	1	1	1	1	2	2	2	2	2	2	2	2	2	-	2	2	2	2	2	2	2	2	2	-	1	-	1	1	1	1	1	-	2	2	2	2	2	2	2	2	1	1	1	1	1	1	1	1	2	2	2	2	2	2	2	2	2	2	2	2	2	2	1	2	1	1	1	2	2	2	1	1	1	1	1	1	1	1	1	2	2	-	1	1	1	1	1	1	1	1	1	1	1	1	1	1	1	1	1	1	1	1	1	1	1	1	1	2	2	2	2	2	2	2	2	2	2	2	-	2	2	2	2	2	2	1	1	1	1	1	1	1	1	1	2	2	1	1	1	1	1	1	2	2	2	2	2	2	2	2
G_128	1	1	1	1	1	2	2	-	2	2	2	2	2	2	2	2	2	2	2	2	-	2	2	-	2	2	2	2	1	1	1	1	1	1	1	1	-	1	1	1	1	1	1	2	2	2	2	2	2	2	-	1	1	1	2	2	2	2	2	2	2	1	1	1	1	1	1	1	1	2	-	2	2	2	1	1	1	1	2	2	2	2	1	1	2	2	2	2	2	2	2	2	2	2	2	2	2	2	2	2	2	2	2	2	-	2	2	2	2	2	2	2	1	2	2	2	2	1	1	1	1	1	1	1	1	1	1	1	1	1	1	1	1	1	1	1	1	-	1	1	1	1	2	2	2	2	2	1	1	1	1	1	2	2	2	2	2	2	2	2	2	2	2	2	2	2	2	2	2	2	2	2	2	2	1	1	1	1	1	1	1	1	1	1	1	1	1	1	1	1	1	1	1	1	1	2	2	2	2	1
G_129	2	2	2	-	1	1	1	1	1	2	2	2	2	2	1	1	1	1	1	1	1	1	1	1	1	1	1	1	2	2	2	2	2	2	2	2	2	2	2	-	2	2	2	2	2	2	2	2	2	2	2	2	2	2	1	-	2	2	2	2	1	1	1	1	1	1	1	1	1	2	1	1	2	2	1	1	2	2	2	2	2	2	2	2	2	2	2	2	2	2	2	2	2	2	2	2	2	1	1	1	1	1	2	2	2	1	1	1	1	1	2	2	2	1	2	2	2	2	2	1	1	1	1	1	1	1	1	2	2	1	1	1	1	1	1	1	1	1	1	1	1	1	2	2	2	2	2	2	2	2	2	2	2	2	-	2	2	2	2	1	1	1	-	1	1	1	1	1	1	1	1	1	1	1	1	-	1	1	1	1	1	1	1	1	2	2	2	2	2	2	2	-	2	2	1	1	1	1	1	1
G_130	2	2	2	2	2	2	2	2	2	2	2	2	1	1	1	1	1	2	2	2	2	2	2	2	2	-	2	2	2	2	1	1	1	1	1	1	1	-	1	1	1	1	1	1	1	1	1	1	1	1	2	2	2	2	1	1	1	1	1	1	2	2	2	2	2	2	1	1	1	1	2	2	2	2	2	2	1	1	1	1	1	1	2	2	2	2	2	2	2	2	2	2	2	1	1	1	1	1	1	1	1	1	1	1	1	1	1	1	1	1	1	1	1	1	2	2	1	1	1	2	2	2	2	2	2	2	2	2	2	2	2	2	1	1	1	1	1	1	1	2	1	1	2	-	2	1	2	2	2	2	2	2	-	-	2	2	1	2	2	2	2	2	1	1	1	1	1	1	1	1	1	1	-	1	1	1	1	1	1	1	1	1	1	1	1	1	1	1	1	1	1	1	1	1	2	2	-	2	2	2
G_131	2	2	1	1	1	1	1	1	1	1	1	1	1	1	1	1	1	1	1	-	1	1	1	1	1	1	1	1	1	1	-	2	2	2	2	2	-	2	1	1	1	1	1	1	1	1	1	-	1	1	1	1	1	-	2	1	1	1	1	1	2	2	2	2	2	2	2	1	1	1	1	1	1	1	1	2	1	1	1	1	1	1	2	2	1	1	1	1	1	1	1	1	1	1	1	1	1	1	1	1	1	1	1	1	1	2	2	2	2	2	2	2	2	2	2	2	1	1	1	1	1	1	1	1	1	1	1	1	1	1	2	2	2	-	1	1	1	1	1	1	-	1	1	1	1	1	1	1	1	1	1	1	1	2	2	1	1	1	1	1	1	2	2	2	2	2	1	1	1	-	1	1	1	1	1	1	-	1	1	1	-	1	1	1	1	1	1	1	1	2	-	2	1	1	1	1	1	1	1	1
G_132	1	1	1	1	1	1	-	2	2	2	-	2	2	2	2	2	2	2	2	2	-	1	1	1	1	1	1	1	2	2	2	2	2	2	2	2	2	2	2	2	2	2	2	-	1	1	1	1	-	1	1	2	2	2	2	2	2	2	2	2	2	1	1	1	1	2	2	2	2	-	2	2	2	2	2	2	2	2	2	2	2	2	2	2	2	2	1	-	1	1	1	1	1	1	1	-	2	2	2	1	2	2	2	2	2	1	1	1	1	1	1	2	2	2	2	2	2	2	2	2	2	2	2	2	2	2	2	2	2	2	2	2	2	2	1	1	1	1	1	1	1	2	1	1	1	1	1	1	1	1	1	1	1	1	1	1	1	1	1	1	1	1	1	1	1	1	1	1	1	1	1	1	-	1	1	1	2	2	2	2	2	2	2	2	1	-	1	2	-	2	2	2	1	1	1	1	1	1	-	1
G_133	2	2	2	1	1	1	1	1	1	1	1	1	1	1	2	2	2	2	2	2	2	2	2	2	2	2	2	2	2	2	2	2	2	2	2	2	2	2	2	2	2	2	2	2	2	2	2	2	2	2	2	2	1	1	1	2	2	2	2	2	2	1	1	-	1	1	1	1	1	1	1	1	1	1	1	1	1	1	1	1	1	1	2	2	2	2	2	2	2	2	2	2	2	2	2	2	2	2	2	1	1	1	1	1	1	2	2	-	2	2	2	-	1	-	2	2	2	2	2	2	2	2	2	2	1	1	1	1	1	1	1	1	1	1	1	1	1	1	1	1	1	1	-	1	1	1	1	-	1	-	1	1	1	1	1	2	2	2	2	1	1	1	1	1	1	1	1	1	1	1	1	-	1	1	1	1	1	-	1	1	-	1	1	1	-	1	1	-	1	1	1	1	2	-	1	2	2	2	2	1
G_134	1	1	1	1	1	2	2	1	1	1	2	2	2	2	2	2	2	2	2	2	2	2	2	2	-	2	2	2	2	2	2	2	2	2	2	2	2	2	2	2	2	2	2	2	2	2	2	2	2	2	2	2	2	-	2	2	2	2	-	2	1	1	1	1	1	1	1	1	1	1	1	1	1	1	1	1	1	1	1	1	1	1	2	2	2	2	2	2	2	2	2	2	2	2	2	2	2	2	2	2	2	2	2	2	-	2	2	2	2	2	1	1	1	1	1	1	1	1	1	1	1	1	1	1	1	1	1	1	1	1	2	2	2	2	2	2	2	2	2	2	2	2	1	1	1	2	2	2	-	2	2	2	2	2	2	2	2	2	2	2	2	2	2	2	2	2	2	2	2	2	2	1	1	1	1	2	2	2	2	2	2	1	1	1	1	1	1	1	1	2	2	2	2	2	2	1	1	1	1	1
G_135	2	2	2	1	1	1	1	1	1	1	1	1	1	1	2	2	2	2	2	2	1	1	1	1	1	1	2	2	2	2	1	1	1	1	-	1	1	1	1	1	1	1	1	1	1	1	1	1	1	1	1/2	1	1	1	2	2	2	1	1	1	1	1	1	1	1	1	1	1	1	2	2	2	1	1	1	1	1	1	2	2	1	1	1	1	-	1	1	1	1	1	1	1	1	1	1	1	2	2	2	1	1	1	1	1	1	2	2	2	2	2	2	2	2	2	2	2	2	2	2	2	2	2	2	2	2	2	2	2	2	1	1	1	1	1	1	1	2	2	2	2	2	2	1	1	1	-	1	1	1	1	1	1	1	1	1	1	1	1	1	1	1	1	1	1	1	1	-	1	1	1	1	1	1	1	1	1	1	1	1	1	1	2	2	2	2	2	2	1	1	1	1	1	1	1	1	2	2	2	2	2
G_136	2	2	1	1/2	2	2	2	1	1	1	1	1	1	1	1	1	1	1	1	1	1	1	1	1	1	2	-	-	1	1	2	2	2	2	2	2	2	2	2	2	2	2	2	2	2	2	2	2	1	1	-	1	1	1	-	2	2	2	2	1	2	1	1	2	2	2	2	2	1	1	1	1	1	1	1	2	1	1	2	2	2	2	1	-	1	1	1	1	1	1	1	1	2	2	2	-	1	1	1	1	1	1	-	1	1	2	2	2	2	2	2	1	2	1	1	1	1	1	1	1	1	1	1	1	1	1	1	1	1	1	1	1	1	-	1	1	1	1	1	2	2	2	2	2	-	2	2	2	1	1	1	1	1	1	1	-	1	1	1	1	-	1	1	1	1	1	1	1	1	1	1	1	1	1	1	1	1	1	1	1	1	1	1	1	1	1	1	1	1	1	-	1	1	1	1	1	1	1	1	1
G_137	1	1	1	1	1	-	1	2	1	1	1	1	1	2	1	1	1	1	1	1	1	1	1	-	1	2	1	2	1	1	1	1	2	2	1	1	1	1	1	1	1	1	1	1	1	1	1	-	2	2	2	2	2	2	-	2	2	2	2	2	2	2	2	-	2	2	2	2	2	2	2	2	2	1	1	2	2	2	2	2	2	2	1	1	2	2	2	2	2	2	2	2	2	2	2	2	1	1	1	1	1	1	1	1	1	2	2	2	2	2	2	2	2	2	2	-	2	2	2	1	1	1	1	1	1	1	1	2	1	1	1	1	1	2	2	2	2	2	2	2	2	2	1/2	1	1	1	1	1	1	1	1	1	1	1	1	1	1	1	1	1	1	1	1	1	1	1	1	1	1	1	1	1	1	1	-	2	2	2	2	2	2	2	2	2	2	2	2	1	1	1	1	1	1	1	1	1	1	1	2	2
G_138	2	2	2	2	2	2	-	2	1	1	1	1	1	1	1	1	1	1	1	1	1	1	1	1	1	1	2	2	1	2	2	2	2	2	2	2	-	2	1	1	1	-	1	1	1	2	2	2	1	1	1	1	1	2	1	1	1	1	1	1	1	2	2	2	2	2	1	1	1	1	1	1	1	1	1	1	2	2	2	2	2	2	2	2	-	1	1	-	1	1	1	-	1	1	1	1	1	1	1	1	1	1	2	2	2	2	1	1	1	1	1	1	1	2	1/2	1/2	1/2	1	1	1	1	1	1	1	1	1	1	1	1	1	2	2	2	2	2	2	2	2	2	-	2	2	1	1	1	-	1	1	2	2	2	2	2	2	2	2	2	2	2	2	2	2	1	-	1	1	1	1	1	1	1	1	1	1	1	-	2	2	2	2	2	2	2	2	1	1	1	1	1	1	1	1	-	1	2	2	2	-	2	2
G_139	2	2	2	2	2	2	2	2	2	2	2	2	2	2	2	2	2	2	2	2	2	2	2	-	2	2	-	2	2	2	2	2	2	2	-	2	2	2	1	2	2	2	2	2	2	2	2	2	2	2	2	1	1	1	1	1	1	1	1	1	1	1	1	1	1	1	2	2	2	2	1	1	1	1	1	1	-	1	1	-	1	1	1	1	1	1	1	2	2	2	2	2	2	2	2	2	2	2	2	2	2	2	2	2	2	1	1	1	1	1	2	1	1	2	2	2	2	2	2	2	2	2	2	2	2	2	2	2	2	2	2	2	2	2	2	2	2	2	2	2	2	2	1	1	1	1	2	2	1	1	1	1	1	1	1	1	1	-	2	2	2	1	-	1	1	2	-	-	1	1	1	2	2	2	2	1	-	1	1	1	1	1	1	1	1	1	1	2	-	2	2	2	2	2	2	2	1	1	1	1
G_140	2	2	2	2	1	1	1	1	1	1	-	1	1	1	1	1	1	1	1	1	1	1	1	1	1	1	1	1	2	2	-	1	1	1	2	2	-	2	2	2	2	2	2	2	2	2	2	2	2	2	2	2	2	2	2	2	2	2	2	2	2	-	2	2	2	2	-	-	2	-	2	2	2	2	2	2	2	2	2	2	2	2	1	1	1	1	1	1	1	1	1	1	1	1	1	1	1	1	1	2	2	2	2	2	2	2	2	2	2	2	2	1	1	1	1	1	1	1	1	1	1	1	1	1	1	1	1	1	1	1	1	1	1	1	1	1	1	1	1	1	1	1	2	2	2	2	2	2	2	2	2	2	2	2	2	1	1	2	2	2	2	-	2	2	2	2	2	2	2	2	2	2	2	2	2	1	2	2	2	2	2	2	2	2	1	1	1	1	1	1	1	1	1	1	1	1	1	1	1	1
G_141	2	2	2	1	1	1	1	1	1	1	1	1	1	1	1	1	1	1	1	1	1	1	1	1	1	1	1	1	1	1	1	-	1	1	1	1	1	1	-	1	1	1	1	1	-	1	1	1	1	1	1	2	2	2	1	1	1	1/2	1/2	1/2	2	2	2	2	2	2	2	2	2	2	2	2	2	2	2	2	2	2	2	2	2	2	2	1	2	2	2	2	2	1	2	2	2	2	2	2	2	2	2	-	1	1	1	1	1	1	1	1	1	-	1	1	1	1	1	-	1	1	1	1	1	1	1	1	1	1	1	1	1	2	2	2	2	2	2	2	2	2	2	1	-	-	1	1	1	1	2	2	2	2	2	2	2	2	2	1	2	1	1	1	1	1	2	2	2	2	2	2	2	2	2	2	2	2	2	1	1	1	1	1	1	1	1	1	1	1	1	1	1	2	2	2	1	1	1	-	1	1	1	1
G_142	1	1	1	1	1	1	1	1	1	1	1	1	1	1	1	1	1	1	1	1	1	1	1	1	1	1	1	1	1	1	1	1	1	1	2	2	2	2	1	1	1	1	1	1	1	1	1	1	1	1	1	1	-	2	1	1	1	-	1	1	1	2	2	2	1	1	1	1	1	-	1	1	1	1	1	1	1	2	2	2	1	1	1	1	1	1	1	1	1	1	-	1	1	1	1	1	1	1	1	-	2	2	2	2	2	2	2	2	2	2	2	2	2	2	2	2	2	2	2	2	2	2	-	2	2	2	2	2	2	2	2	2	2	2	2	2	2	2	2	2	2	1	1	1	1	1	1	1	1	1	1	1	-	1	1	1	1	1	1	1	1	1	1	1	1	1	-	1	1	1	1	1	1	1	1	2	2	2	2	2	2	2	2	2	2	2	2	-	2	2	2	2	2	2	1	1	1	1	1	1
G_143	1	1	1	1	1	1	1	1	1	1	1	1	1	1	1	1	1	1	1	1	1	1	1	1	1	1	2	2	2	2	2	2	2	2	2	2	2	2	2	2	2	2	2	2	1	1	1	1	1	1	1	1	1	1	2	-	1	1	1	1	2	1	1	1	1	1	2	2	2	2	2	2	2	2	2	2	2	2	2	1	1	1	-	2	2	2	2	2	2	2	2	2	2	2	2	2	2	2	2	2	2	2	2	2	2	2	2	2	2	2	1	2	2	1	1	1	1	1	1	1	1	1	1	1	1	1	1	1	1	1	1	1	1	1	1	-	1	-	1	1	1	1	2	2	2	2	1	1	1	1	1	1	1	1	1	1	-	1	-	1	1	1	1	1	1	1	1	1	1	1	1	1	1	1	1	1	1	1	1	2	2	2	2	1	1	1	1	1	1	2	2	2	-	-	1	1	1	1	1	1
G_144	-	2	2	2	2	2	2	2	2	2	2	2	2	2	2	2	2	2	2	2	2	1	1	2	2	2	1	1	2	2	2	2	2	2	2	-	2	1	2	2	2	1	1	1	1	1	1	1	1	1	1	1	1	1	2	2	2	2	2	2	-	2	2	2	2	2	2	2	2	2	-	2	2	2	1	1	1	1	1	1	1	1	1	1	1	1	1	1	1	1	1	2	2	2	2	2	1	1	1	1	1	1	1	1	1	2	2	2	2	2	2	2	-	1	1	1	1	1	1	1	1	1	1	1	1	1	1	1	1	1	1	1	1	1	1	1	1	1	1	1	1	2	1	1	2	-	2	2	2	2	2	2	2	-	2	2	2	2	2	2	2	2	2	2	2	2	2	2	2	2	-	2	2	2	2	-	2	2	2	2	2	2	1	1	2	2	2	1	1	1	1	1	2	2	2	2	2	2	1	1
G_145	2	2	2	-	2	2	1	1	1	1	1	1	1	1	1	1	1	1	1	1	2	2	2	2	2	2	-	2	1	2	2	2	-	2	2	1	1	1	1	1	1	1	1	-	2	1	1	1	1	1	1	1	1	1	2	2	2	2	1	1	1	1	1	1	1	1	-	1	1	-	1	1	-	2	2	2	-	2	2	2	2	2	1	1	2	2	2	2	2	2	2	-	2	2	2	2	1	1	1	1	1	1	1	1	2	1	1	1	1	1	1	1	1	1	-	1	2	2	2	2	2	2	2	1	2	2	2	2	2	2	2	2	2	2	2	2	2	-	2	2	1	1	1	1	1	1	1	-	1	1	1/2	1/2	1/2	1/2	1	1	1	1	1	1	1	1	1	1	1	1	1	1	1	1	1	2	2	2	2	2	2	2	2	2	2	2	2	2	2	2	2	2	2	2	2	-	2	2	2	-	2	2	2	2
G_146	1	1	1	1	1	1	1	1	1	1	1	-	1	1	-	-	1	1	1	1	1	1	-	1	1	1	2	2	1	1	1	1	-	1	1	1	1	1	1	1	1	1	1	1	1	1	1	1	2	2	2	2	2	2	1	1	1	1	1	1	1	2	2	2	2	2	1	1	1	1	1	1	2	2	2	2	2	2	2	2	2	2	1	-	1	1	1	1	1	1	1	1	1	1	1	1	1	1	1	1	1	1	1	1	1	1	1	1	1	1	1	-	1	1	1	1	1	2	2	-	2	2	2	2	1	1	2	2	-	2	2	2	2	2	1	1	1	1	1	1	1	1	1	1	1	1	1	1	1	-	1	1	-	2	2	1	1	2	2	2	2	2	2	2	-	2	1	1	1	-	1	-	1	1	1	1	1	-	1	1	1	1	1	1	1	1	1	1	1	1	1	1	1/2	2	2	2	2	2	2	2
G_147	-	1	1	1	1	1	1	1	1	1	1	1	1	1	1	1	1	1	1	1	1	1	1	1	1	1	1	1	1	1	1	1	1	2	1	1	1	1	1	1	1	2	2	2	2	2	2	2	1	1	1	1	1	1	2	2	2	2	2	2	2	2	2	2	2	2	2	2	2	2	2	-	2	1	1	1	1	1	1	1	1	1	2	2	2	2	2	2	2	2	2	2	2	2	2	2	2	2	2	2	2	2	2	2	2	2	2	2	2	2	2	2	2	2	2	2	2	2	2	2	1	1	1	1	1	1	1	1	1	2	2	-	2	-	2	2	2	2	2	2	2	2	2	2	2	2	1	1	1	1	1	1	-	1	1	1	1	2	2	2	2	2	2	2	2	2	2	2	2	2	2	1	1	1	1	2	2	2	2	2	2	2	2	2	2	2	2	2	2	2	2	2	2	2	2	1	1	1	1	1
G_148	2	2	2	2	2	2	2	2	2	2	2	2	1	1	1	1	1	1	1	1	1	1	1	1	1	1	1	1	2	2	1	1	1	1	-	1	1	1	2	2	2	2	2	2	2	2	2	-	2	2	2	-	2	2	2	2	2	2	2	2	2	2	-	2	2	2	2	2	2	2	2	2	2	2	2	2	2	2	2	2	2	2	1	1	1	1	1	1	1	1	1	1	1	1	1	2	2	2	2	2	2	-	2	2	2	1	1	1	1	-	1	2	2	2	2	2	2	2	1	1	1	1	1	1	-	2	2	2	-	2	2	2	2	2	2	2	2	2	1	1	1	1	1	1	1	1	1	1	2	2	2	2	2	2	2	2	2	2	2	2	2	-	2	2	2	2	2	1	1	1	1	1	1	1	1	2	2	2	1	1	1	1	1	1	1	1	1	1	1	1	1	1	1	1	1	1	1	-	1	1
G_149	2	2	2	2	2	1	1	1	1	1	1	1	2	1	1	1	1	1	1	1	1	1	1	1	1	1	1	2	2	2	1	1	-	1	1	1	1	1	1	1	1	1	1	1	2	2	2	2	2	1	1	1	1	1	2	2	2	-	2	2	2	-	2	2	2	2	2	2	2	2	2	2	2	2	2	-	1	1	1	2	2	2	1	1	1	1	-	-	1	2	2	2	2	2	2	2	2	-	2	-	1	1	1	1	2	1	1	1	1	1	1	1	1	1	1	1	1	1	1	2	2	2	1	1	1	1	1	2	2	2	-	2	2	2	2	2	2	2	2	2	2	2	2	2	-	-	2	1	1	-	-	1	1	1	1	1	1	1	-	1	1	1	1	1	1	1	1	1	1	1	1	1	1	1	-	2	2	2	2	2	2	2	2	2	2	2	2	2	2	2	2	2	2	2	2	2	2	2	2	2
G_150	-	1	-	1	1	1	1/2	1	1	1	1	1	1	1	1	1	1	1	-	1	1	1	1	2	2	2	2	2	2	2	2	2	2	2	2	2	2	2	2	2	2	2	2	2	2	2	2	2	2	2	2	2	2	2	1	1	1	1	1	1	2	2	2	2	2	2	2	2	2	2	2	2	2	2	2	2	2	2	2	2	2	2	2	2	2	2	1	1	1	1	1	1	1	1	1	-	1	1	1	1	1	1	1	1	-	2	2	2	2	2	2	1	1	2	2	2	2	1	1	1	2	2	2	2	2	2	2	2	2	2	2	-	1	1	2	-	2	2	2	2	1	-	2	2	2	2	2	2	-	2	2	2	2	2	2	2	2	2	2	2	2	1	1	1	1	1	1	1	2	2	1	1	1	1	1	1	1	1	1	1	1	1	1	1	1	1	1	1	1	1	1	1	1	1	2	2	2	2	2	2
G_151	2	2	2	2	2	2	1	1	1	1	1	1	1	1	1	1	1	1	1	1	1	1	1	2	2	2	1	1	2	2	2	2	2	-	2	2	2	2	2	2	2	2	2	2	2	2	2	2	1	2	1	1	1	1	1	1	1/2	1/2	1	1	1/2	1	1/2	1/2	1	1	2	2	2	1	1	1	2	2	2	2	2	2	2	-	2	2	1	1	1	-	1	1	2	2	2	2	2	2	2	2	1	1	-	1	1	1	1	1	1	1	1	1	1	1	1	1	1	1	1	1	1	1	1	1	1	1	2	2	2	2	2	2	-	1	1	-	1	1	2	2	2	2	1	1	2	1/2	2	2	2	2	2	2	2	2	2	2	2	2	2	2	-	2	2	2	2	2	2	2	2	2	2	2	2	2	-	2	2	2	2	1	1	2	1	1	1	1	1	1	1	-	2	2	2	2	2	2	2	2	2	1/2	-	1	1	1
G_152	2	2	2	2	2	2	2	2	2	2	2	2	2	1	2	-	2	2	2	2	2	2	2	2	2	2	2	2	2	2	1	1	1	1	1	2	2	2	2	2	2	2	2	-	2	2	1	1	1	1	1	2	2	2	1	1	1	1	1	1	1	1	1	1	1	-	1	1	2	2	2	2	1	1	1	1	1	1	-	1	1	1	2	2	1	1	1	1	1	1	1	1	1	1	1	1	1	1	1	1	1	2	1	1	2	2	2	2	1	1	-	1	2	-	2	2	2	2	2	2	2	2	2	2	2	2	2	2	2	1	1	-	1	1	1	1	1	1	1	1	2	2	1	1	1	1	2	2	2	2	2	2	2	2	2	2	2	2	2	-	2	2	2	2	2	2	2	2	2	2	2	1	1	1	1	1	1	1	1	1	1	-	2	2	2	2	2	2	2	2	2	2	1	1	1	1	1	1	1	1
G_153	2	2	2	2	2	2	2	2	2	2	2	2	2	2	2	2	2	2	2	2	1	1	1	1	1	1	1	2	2	-	1	1	1	1	1	1	1	1	2	2	2	1	1	1	1	1	1	1	1	2	2	1	1	1	1	1	-	1	1	1	1	1	1	1	1	2	2	2	2	2	2	2	2	2	2	2	1	1	1	1	2	2	2	2	1	1	1	1	1	2	2	2	1	1	1	1	-	2	2	2	1	-	1	1	1	1	1	1	-	1	1	1	1	1	1	1	1	1	1	2	2	2	2	2	2	2	2	-	2	2	2	2	2	2	2	1	1	1	1	1	1	1	2	2	2	2	2	2	2	2	1	1	1	1	1	1	1	1	-	1	1	1	1	1	1	1	2	2	1	1	1	1	1	1	1	2	2	2	2	2	2	2	2	2	2	2	2	2	2	2	2	2	2	2	2	2	2	2	2	2
G_154	2	2	2	1	1	1	1	1	1	1	1	1	1	1	1	1	1	1	1	1	1	1	-	1	2	2	2	2	2	2	1	1	1	1	1	1	1	1	1	1	1	1	2	2	1	1	1	1	1	1	1	1	1	1	1	1	1	1	1	1	1	1	1	1	1	1	1	1	1	1	1	1	-	2	2	2	2	2	1	1	2	-	1	1	2	2	2	2	2	2	2	2	2	2	-	2	1	1	1	1	1	1	1	1	1	1	1	1	1	1	1	1	1	1	1	1	1	1	1	1	1	1	1	1	1	1	1	1	1	1	1	1	1	1	1	1	1	1	1	1	1	1	1	1	1	2	2	2	2	-	2	2	2	2	-	2	2	2	2	2	2	2	2	2	2	2	2	2	2	2	2	2	2	1	2	1	1	2	2	2	2	2	2	2	2	2	2	2	2	2	-	2	2	2	2	2	2	2	2	2
G_155	2	2	2	2	2	2	2	2	2	-	-	2	2	2	2	2	2	2	2	2	2	2	-	2	-	2	2	2	1	1	1	1	1	1	1	-	1	1	1	1	1	1	1	1	1	1	1	1	1	1	1	1	1	1	1	1	1	1	1	1	1	1	1	-	1	1	-	2	2	2	2	2	2	2	2	1	1	1	1	1	1	1	2	2	2	-	2	2	2	2	2	2	1	1	1	1	1	-	1	1	1	1	1	1	1	1	1	1	1	1	1	1	1	1	1	1	1	1	1	1	1	1	1	1	1	1	1	1	1	1	1	1	1	1	1	1	1	1	1	1	-	1	-	1	1	2	1	1	1	1	1	1	-	1	1	1	1	1	1	1	2	2	2	-	2	1/2	2	2	2	2	-	2	2	2	2	-	1	1	1	1	1	1	1	1	1	1	1	1	1	1	1	1	1	1	2	2	2	2	2	2
G_156	-	1	1	1	1	1	1	1	1	1	1	1	1	1	1	1	1	1	1	1	2	2	2	2	2	2	2	2	1	1	2	1	1	1	1	1	1	1	1	2	2	2	2	2	2	2	2	-	1	1	1	1	1	1	2	2	2	2	2	2	-	2	2	2	2	2	2	-	-	2	2	2	2	2	2	2	2	2	2	2	2	2	1	1	1	1	1	1	1	2	2	2	2	2	2	2	2	2	2	2	2	2	2	2	2	1	1	1	1	1	-	1	1	1	1	1	1	1	1	2	2	2	2	2	-	2	2	1	1	1	1	1	1	1	1	1	1	1	1	1	1	1	1	1	1	2	2	2	2	2	2	2	2	2	2	2	2	1	1	1	1	1	1	1	-	1	1	1	1	1	1	-	2	2	2	2	2	2	-	2	2	1	1	1	1	2	-	2	2	1	1	1	1	1	2	2	2	2	1	1
G_157	1/2	1/2	1/2	2	2	2	2	2	2	2	2	2	2	2	2	1	1	1	1	1	1	1	1	-	1	1	1	1	1	1	1	1	1	1	1	1	-	1	1	1	1	1	1	1	2	2	2	2	2	2	2	1	1	1	2	2	2	2	2	2	2	2	2	2	-	2	1	1	1	1	1	1	2	2	2	1	1	1	1	1	1	1	1	1	1	1	1	1	1	2	2	2	2	2	2	-	2	2	2	1	2	2	2	2	2	2	2	2	2	2	2	2	1	2	1	2	1	1	1/2	2	2	2	2	2	2	2	2	2	-	2	2	2	2	2	1	1	2	2	2	2	1	1	2	2	2	2	1	1	1	1	2	2	2	2	2	1	1	1	1	1	1	1	1	1	1	1	1	1	1	1	2	2	2	2	2	2	2	2	2	2	1	1	1	1	2	2	2	2	2	1	1	1	2	2	2	2	2	2	2	2
G_158	2	2	2	2	2	2	2	2	2	2	2	2	2	2	-	1	1	1	1	1	1	1	1	1	-	1	1	1	2	2	1	1	1	1	1	1	1	1	-	1	1	1	1	1	1	1	1	1	1	1	1	1	1	1	1	1	1	1	1	1	1	1	1	1	1	1	1	1	1	1	1	1	-	1	2	2	2	2	2	2	2	2	2	-	1	1	1	-	2	2	2	2	2	2	-	2	2	2	2	2	2	2	2	2	2	2	-	2	2	2	2	2	2	1	1	1	1	1	1	2	2	2	2	2	1	-	1	1	1	-	1	1	1	1	1	1	1	1	1	1	1	1	1	1	-	2	2	2	1	1	2	2	2	2	2	2	2	1	1	1	1	1	1	1	1	1	1	1	2	-	2	1	1	1	1	2	1	1	2	2	1	2	2	2	2	2	2	2	2	-	2	2	2	2	2	2	2	2	2	2
G_159	1	1	1	1	1	2	2	2	2	2	2	2	2	2	2	2	2	2	2	2	2	2	-	2	2	2	2	2	-	1	1	2	2	2	2	2	2	2	2	2	2	2	2	2	2	2	-	2	2	2	2	1	1	2	1	1	-	2	2	2	2	2	-	2	2	-	2	2	2	2	2	2	1	1	1	2	2	2	2	2	2	2	1	1	2	2	2	1/2	1	1	1	1	1	-	2	2	2	2	2	2	2	2	2	2	2	2	2	2	2	2	-	2	2	2	1	1	1	1	1	1	1	2	2	2	2	2	2	2	2	1	1	1	1	1	1	1	1	1	1	1	1	1	2	-	2	2	2	2	2	2	2	2	2	2	2	1	2	1	1	1	1	1	1	1	1	1	1	1	1	1	1	1	1	1	1	1	1	1	2	2	2	2	2	2	2	-	2	2	2	2	2	1	1	1	2	2	2	1	1	2
G_160	1	1	1	2	2	2	2	1	1	1	1	1	1	1	1	2	2	2	2	2	2	2	2	1	1	1	1	-	2	2	2	2	2	2	2	2	2	2	2	2	2	2	2	2	2	2	2	2	2	2	1/2	1	-	1	2	2	1	1	1	1	1	2	2	2	2	1	-	1	1	1	1	1	2	-	2	1	2	2	2	2	2	2	1	2	1	1	1	1	1	1	1	1	1	1	-	1	1	1	1	1	1	-	1	1	1	1	1	1	1	1	1	1	1	1	2	2	2	2	2	2	2	2	2	2	1	1	1	2	2	2	-	2	2	2	1	1	1	1	1	1	1	-	2	2	2	2	2	2	2	2	1	1	1	2	2	2	2	1	1	1	1	1	1	1	1	1	1	1	1	1	1	1	2	2	2	1	1	1	1	1	2	-	2	2	2	2	2	2	2	2	2	2	2	2	2	2	2	2	2	2
G_161	1	1	1	1	1	1	1	1	1	1	1	1	-	2	2	-	2	2	2	2	2	2	2	2	2	2	2	2	1	1	1	-	1	1	-	1	1	1	1	1	1	1	1	1	1	1	1	1	1	1	1	1	1	2	1	1	1	2	2	2	2	2	2	2	2	-	2	2	2	2	1	1	1	1	2	1	1	1	-	1	1	1	1	1	2	2	-	2	2	2	2	2	2	2	2	2	1	1	1	1	-	1	1	1	1	2	2	2	2	2	2	2	1	1	1	1	-	1	1	1	1	1	1	1	-	1	1	2	2	2	2	2	2	2	2	2	2	2	2	2	2	2	2	2	2	-	2	2	2	2	2	-	2	2	2	2	2	2	2	2	2	-	2	2	2	2	2	2	2	2	2	2	2	1	1	1	1	1	1	1	1	2	-	1	1	1	-	1	1	1	1	1	1	2	1/2	1/2	1/2	1	-	1
G_162	2	2	2	2	2	-	1	1	1	1	1	1	1	-	1	1	1	1	1	1	1	1	1	1	1	1	2	1	2	2	2	2	2	2	2	2	-	2	1	1	1	1	1	1	1	1	1	1	1	1	1	-	1	1	1	1	1	1	1	1	1	1	1	1	1	1	1	1	1	1	1	2	1	2	2	2	2	2	2	2	2	2	1	-	1	1	1	1	1	1	2	2	2	2	2	2	1	1	1	1	-	2	2	2	2	2	2	2	2	2	2	2	2	2	2	2	2	1	1	1	1	1	1	1	2	-	2	2	2	1	1	1	1	1	1	1	1	1	1	1	1	1	2	-	2	2	2	2	2	2	2	2	2	2	2	2	-	1/2	1/2	2	2	2	1	1	1	1	1	2	2	2	1	1	-	1	1	1	1	1	1	1	1	1	1	1	2	2	2	2	2	2	2	2	2	2	2	1	1	2	2	2
G_163	1	1	1	2	2	2	-	2	2	2	2	2	2	2	2	2	2	2	2	2	2	2	2	2	2	1	1	2	2	2	2	1	1	1	2	2	2	2	1	1	1	1	1	1	1	2	2	2	2	2	1	1	1	1	1	1	1	1	1	1	1	1	1	1	1	1	1	1	1	1	1	1	1	1	1	1	1	1	2	2	2	-	1	1	1	-	-	1	1	1	-	1	1	1	1	1	1	1	1	1	1	1	1	1	1	1	1	1	1	1	1	1	1	1	1	1	1	1	1	1	1	2	2	2	2	2	2	2	2	2	2	2	2	2	2	2	2	2	2	1	2	2	-	1	1	1	1	1	1	-	1	1	1	1	1	2	2	2	2	2	2	2	2	-	2	2	-	1	1	1	1	2	2	2	1	2	2	2	-	2	2	2	2	2	1	-	1	1	1	1	1	1	2	1	1	1	1	1	1	1
G_164	2	2	2	1	1	1	1	1	1	1	1	1	-	1	2	1	1	1	1	1	2	-	2	2	2	2	2	2	2	2	-	1	2	2	-	-	2	2	2	2	2	2	2	2	2	2	2	2	-	2	2	2	2	2	2	-	2	2	2	2	2	2	2	2	2	-	2	1	1	1	1	1	1	1	1	1	1	1	1	1	1	1	2	2	2	2	2	-	2	1	1	1	1	1	1	1	1	1	1	-	1	1	1	1	1	1	1	1	1	1	1	1	1	1	1	1	1	-	1	1	1	1	1	1	1	1	1	1	1	1	2	2	2	2	-	2	2	2	2	2	2	2	-	1	1	1	1	1	2	2	2	2	2	2	2	1	1	1	1	1	1	1	1	1	1	1	-	1	1	1	-	1	1	1	1	1/2	1/2	1	1	1	1	1	1	1	1	1	1	1	-	1	1	1	1	1	1	1	1	1	1	1
G_165	2	2	2	2	2	2	2	-	2	2	2	2	2	2	2	2	2	-	1	2	2	1	1	1	1	1	1	1	2	2	2	2	2	2	2	2	2	2	1	1	1	1	1	1	1	1	2	2	2	2	2	2	2	2	1	1	-	1	1	1	1	1	1	1	1	1	1	1	2	2	2	2	2	-	2	2	2	2	2	2	2	2	2	2	2	2	2	2	2	2	2	2	2	2	2	2	1	1	1	1	1	1	1	1	1	1	1	1	1	1	1	1	1	1	1	1	1	1	2	1	1	1	1	1	-	2	2	1	1	1	1	1	2	2	2	2	2	2	2	-	2	2	2	2	2	2	-	2	2	2	1	2	2	2	2	2	2	-	1	-	1	1	1	1	1	1	1	1	1	1	1	1	1	1	2	2	-	2	1	1	1	1	1	1	1	1	1	1	1	1	1	1	1	1	1	1	1	1/2	-	1/2
G_166	2	2	2	2	2	2	2	-	1	1	2	1	1	1	1	1	1	1	1	1	1	1	1	1	1	1	1	1	2	-	2	1	1	-	2	2	2	1	1	1	1	1	1	1	1	-	-	1	1	1	1	1	1	2	-	1	1	2	2	2	2	2	1	1	1	2	2	2	2	2	1	1	2	2	2	2	2	2	1	1	1	1	2	2	1	1	1	1	1	1	1	1	-	-	1	1	1	1	1	1	1	1	1	1	1	1	1	1	1	1	1	1	1	-	2	-	2	2	1	2	2	2	2	2	2	2	2	1	1	1	1	1	1	1	1	1	1	1	1	1	1	1	2	2	2	2	1	1	1	1	1	2	2	2	2	2	2	2	2	2	2	2	2	2	2	1	1	1	1	-	1	1	1	1	1	2	2	2	2	2	2	-	1	1	1	1	1	1	1	1	1	1	2	2	2	2	2	2	-	1
G_167	2	2	2	2	2	2	-	1	1	1	1	1	1	1	1	1	1	1	1	1	-	-	1	1	1	1	1	1	2	-	-	2	2	2	1	1	1	1	1	1	1	2	2	2	2	2	2	2	2	2	-	1	1	1	2	2	2	2	2	2	2	2	2	2	2	2	2	1	1	1	1	1	-	1	1	2	2	2	2	2	2	2	2	2	2	2	2	2	2	2	2	2	1	1	1	-	2	2	2	2	2	2	2	2	2	-	1	1	-	1	1	1	1	1	1	-	1	1	1	2	2	2	2	2	1	1	1	1	1	1	1	1	1	2	2	2	2	2	2	2	-	2	2	1	1	1	1	1	1	1	1	1	1	1	1	1	1	1	1	1	1	1	1	1	1	1	2	1	1	1	1	1	1	1	1	1	1	1	-	1	1	1	1	1	2	2	2	2	2	1	1	1	1	1	2	2	2	2	2	2
G_168	2	-	2	2	2	2	2	2	2	-	2	1	1	1	1	1	1	1	1	1	1	2	2	2	2	2	2	2	2	2	2	2	2	2	2	2	2	2	2	2	2	2	2	2	2	2	2	2	2	2	2	-	2	2	2	2	2	2	2	2	2	2	2	2	2	2	2	2	2	2	2	2	2	2	2	2	2	2	2	-	1	1	1	1	1	1	1	1	1	2	2	2	2	2	2	2	2	2	2	2	2	2	2	2	2	2	2	2	2	2	2	2	2	2	2	2	2	2	2	1	-	2	2	2	2	2	2	2	2	2	2	2	2	2	2	2	2	2	2	2	2	2	2	2	2	2	2	-	2	2	2	2	2	2	2	2	2	2	2	2	2	2	2	2	2	2	-	2	2	2	2	1	1	-	1	2	2	2	1	1	1	1	1	1	1	1	1	1	1	1	1	1	1	1	1	1	1	-	1	1
G_169	2	2	2	2	2	2	-	2	2	2	2	2	2	2	2	2	2	2	2	2	1	1	1	1	1	1	1	1	1	1	1	1	1	1	1	1	1	1	1	1	1	1	1	1	1	1	1	1	2	2	-	2	2	2	1	1	1	1	1	1	1	2	2	2	2	-	2	2	-	2	2	2	2	2	2	2	2	2	2	2	2	2	2	2	2	2	2	2	2	1	1	1	1	1	1	1	1	1	1	1	1	1	1	1	2	1	1	1	1	2	2	1	1	1	1	1	1	1	1	1	1	1	1	1	1	1	1	1	1	1	1	1	1	1	1	2	2	2	2	2	2	2	2	2	2	-	2	2	1	1	1	2	2	2	2	2	2	2	2	2	2	-	1	1	1	1	1	1	1	1	1	2	2	2	2	1	2	2	2	2	2	2	2	2	1	1	-	1	1	1	1	1	2	2	1	1	1	1	1	1
G_170	1	1	1	1	1	1	1	2	2	2	2	-	-	2	2	-	2	2	2	2	1	1	1	1	1	1	1	1	1	1	2	1	1	1	1	2	2	2	1	1	1	1	1	1	1	1	1	1	1	-	2	2	2	2	1	1	1	1	1	1	1	1	1	1	1	1	1	1	1	1	1	1	1	1	1	1	-	1	1	1	1	1	1	1	1	1	1	1	2	2	2	-	-	2	2	2	2	2	-	2	-	2	2	-	2	2	2	2	2	2	2	2	2	2	2	2	2	2	2	2	2	2	-	2	2	2	2	2	2	2	2	2	2	-	2	2	-	2	2	2	2	2	1	1	1	1	1	1	1	1	1	1	1	1	1	1	2	2	2	2	2	-	-	2	2	2	2	2	1	1	1	1	1	1	1	1	1	1	2	2	2	2	2	2	1	1	1	1	1	1	1	1	1	1	2	2	2	2	2	2
G_171	2	2	2	2	2	2	2	2	2	2	2	2	2	2	2	2	2	-	2	2	2	2	2	2	1	1	1	2	1	1	1	-	1	1	-	2	2	1	2	1	1	1	1	1	1	1	1	1	1	1	1	1	1	1	2	2	2	2	2	-	1	1	2	2	2	1	1	1	1	1	1	-	1	1	1	1	1	1	1	2	2	2	1	-	-	1	-	1	-	1	1	1	1	1	1	1	1	1	1	1	1	1	1	1	1	1	1	1	1	1	-	1	1	1	1	1	1	1	1	2	2	2	2	2	2	2	2	2	-	2	2	2	2	2	2	2	-	2	1	1	1	2	1	1	1	2	2	2	2	2	2	2	2	2	2	2	2	2	2	2	2	2	2	2	2	2	2	2	2	-	2	-	2	2	2	2	2	2	2	-	2	2	2	2	2	2	2	2	2	2	2	-	2	2	2	2	1	2	2	2
G_172	1	1	1	1	1	1	1	1	1	1	2	2	2	2	2	2	2	2	2	1	1	1	1	1	2	2	2	-	2	2	2	2	2	2	2	2	2	-	2	2	2	2	2	-	2	2	2	2	2	-	1	1	1	2	1	1	1	1	1	1	1	1	1	1	1	1	-	1	-	1	1	1	1	1	1	1	1	1	2	2	2	2	2	2	2	2	2	2	2	2	1	1	1	1	1	-	1	1	1	1	1	1	1	1	1	1	1	1	-	1	1	1	1	1	2	2	2	2	2	2	2	2	2	2	2	-	1	-	1	1	1	1	1	1	1	1	1	1	1	1	2	-	1	1	-	-	1	1	1	1	1	1	1	1	1	1	1	1	1	1	1	1	1	1	1	1	1	1	1	1	1	1	1	1	1	1	2	-	1	1	1	1	1	-	1	1	1	1	1	1	1	1	1	1	2	1	-	1	1	1
G_173	2	2	2	2	2	2	2	-	2	1	1	1	1	1	1	1	1	1	1	1	1	1	1	1	1	1	1	1	1	1	1	1	2	2	2	2	2	2	2	2	2	2	2	2	2	2	2	-	2	2	2	2	2	2	1	1	1	1	1	1	1	2	-	1/2	1/2	2	2	2	2	2	2	2	1	1	1	1	1	1	1	1	1	1	2	2	1	1	1	2	1	1	1	1	1	1	1	1	2	2	2	1	1	1	1	1	2	2	2	2	2	2	2	2	2	2	1	1	1	1	1	1	-	-	-	1	1	1	1	1	1	1	1	1	1	1	1	1	-	1	1	1	1	1	1	1	2	2	2	2	2	2	2	2	2	1	1	1	1	2	2	2	2	2	2	2	-	2	2	2	2	2	2	1	1	1	1	1	1	1	1	1	1	1	1	1	1	1	-	1	1	1	1	1	1	1	2	2	2	2	2	2
G_174	1	1	1	1	-	1	1	1	1	1	1	1	1	1	1	1	1	1	1	1	1	1	1	2	1	1	1	1	1	1	1	1	1	1	1	1	-	1	1	1	1	1	1	1	1	1	2	2	2	2	2	1	1	1	-	1	1	1	1	1	1	1	1	1	1	1	2	2	2	2	2	2	2	2	2	2	1	1	1	1	1	1	1	1	1	1	1	-	1	1	1	1	1	1	1	1	1	1	1	1	1	1	1	1	1	1	1	2	2	2	2	2	1	2	2	2	2	2	1	1	1	1	1	1	1	-	1	1	1	1	1	1	1	1	1	1	1	1	1	1	1	1	1	1	1	1	2	2	2	2	1	2	2	-	2	-	1	1	1	1	1	1	1	1	1	1	1	1	1	1	1	1	1	1	-	1	1	1	2	2	2	2	2	2	2	2	2	2	2	-	2	2	2	2	1	1	1	1	1	-
G_175	1	1	1	1	2	1	2	-	2	2	-	2	2	2	2	2	-	2	2	2	2	2	2	2	2	-	2	2	1	1	1	1	1	1	2	2	2	2	2	2	2	2	2	2	2	2	2	2	2	2	1	1	1	1	-	1	1	1	1	2	2	1	1	1	1	1	1	1	1	1	1	1	1	1	1	1	-	1	1	1	1	-	2	1	1	1	1	1	1	1	1	1	1	1	1	1	2	2	2	-	1	1	1	1	1	-	2	2	1	1	1	2	1	1	1	1	1	1	1	1	2	2	2	2	2	2	2	2	1	1	1	1	1	1	1	-	1	1	1	1	1	1	2	2	2	2	1	1	1	1	-	1	1	1	1	1	1	1	1	1	1	1	1	1	1	1	1	2	2	2	2	2	2	2	2	1	1	1	1	1	1	1	1	1	2	2	2	2	2	2	2	2	2	2	1	2	2	2	2	2
G_176	-	1	1	1	1	1	1	1	1	1	1	1	1	1	1	1	1	1	1	1	1	1	1	1	1	1	1	1	1	1	2	2	1	1	1	1	1	1	1	1	1	2	2	2	1	1	1	1	1	1	1	1	1	1	1	1	1	1	1	1	1	1	1	1	1	2	1	1	1	1	1	1	1	1	1/2	1	2	2	2	2	2	2	1	1	2	2	2	2	2	2	2	2	-	2	2	2	2	2	2	2	2	2	2	2	2	2	2	2	2	2	2	2	2	2	2	2	-	-	1	1	-	1	1	1	1	1	1	1	1	2	2	2	-	2	2	2	2	2	2	2	2	2	2	2	2	2	2	2	2	2	2	2	1	2	1	1	-	2	-	2	2	2	2	2	2	2	2	2	2	2	2	2	2	2	2	1	1	1	1	1	1	1	1	1	1	1	1	1	1	1	1	1	2	2	1	2	2	2	2	2
G_177	2	-	2	2	2	2	2	2	2	2	2	2	1	1	2	2	2	-	2	2	2	2	2	2	2	2	2	2	1	1	1	1	1	1	1	1	1	2	1	1	1	1	1	1	1	1	1	1	1	1	2	2	2	2	1	1	1	1	-	1	1	2	2	2	2	2	2	2	2	2	2	2	2	2	2	2	2	2	2	2	2	2	1	2	1	1	1	1	2	2	2	2	2	2	2	2	2	2	2	2	2	2	2	2	2	1	1	-	1	1	1	-	2	2	2	2	1	1	1	1	1	1	1	1	1	1	-	1	1	1	-	1	1	1	1	1	1	1	1	1	1	1	1	1	1	2	2	2	2	2	2	2	2	2	2	1	1	1	1	1	1	1	1	1	-	2	-	2	2	2	2	2	2	2	2	2	2	2	-	2	2	-	2	2	1	1	1	1	1	1	1	1	1	1	2	2	2	2	2	1
G_178	2	2	2	2	2	2	2	1	1	1	1	1	1	1	-	1	1	1	1	1	1	1	1	1	1	1	1	1	2	2	1	1	1	1	1	1	1	-	1	2	2	2	-	2	2	2	2	2	2	2	2	1	-	1	1	2	2	2	2	2	1	1	1	1	1	1	-	1	1	1	1	1	1	1	-	1	1	1	1	2	2	2	2	2	1	1	1	1	1	1	1	1	1	1	1	1	1	1	1	1	1	1	1	1	1	1	1	1	1	1	1	2	1	1	1	1	1	2	2	1	1	1	1	1	1	1	1	1	1	1	1	1	1	-	1	1	1	1	1	1	1	1	1	1	1	1	1	1	1	1	1	1	1	2	2	2	2	2	2	1	1	2	2	2	2	2	2	2	2	2	2	1	1	1	1	1	1	1	2	2	2	2	2	2	2	2	2	2	2	2	2	2	2	2	2	2	2	2	2	2
G_179	1	1	1	2	2	2	2	2	2	2	2	2	2	2	2	2	2	2	1	2	2	1	1	1	1	1	1	1	1	1	1	-	1	1	1	1	1	1	1	2	2	2	2	2	-	2	-	-	2	2	-	1	1	1	1	1	1	1	1	1	1	-	1	1	1	1	1	1	1	1	1	1	2	2	-	2	2	2	2	2	2	2	1	1	-	1	1	1	1	2	2	2	2	2	2	2	2	2	2	2	2	2	2	2	-	2	2	2	2	2	2	2	2	2	1	1	1	-	1	2	2	2	2	2	2	2	2	2	2	2	2	2	2	2	2	2	2	2	2	2	2	2	1	1	1	1	1	1	1	1	1	1	1	1	1	1	1	1	1	1	1	1	1	-	1	2	2	2	2	1	1	1	1	1	1	1	1	1	1	2	2	2	2	2	1	1	1	1	1	1	1	1	1	1	2	2	2	2	2	2
G_180	1	1	1	1	1	1	1	1	1	-	1	1	1	1	1	1	1	1	1	1	1	1	1	1	1	1	1	2	2	2	-	2	2	2	2	2	2	2	2	2	2	2	2	-	1	-	2	2	2	2	2	2	2	1	1	1	1	1	1	1	1	1	1	1	1	1	1	1	1	2	2	2	2	2	2	2	2	2	2	2	2	2	2	2	2	2	2	2	-	-	2	2	2	2	2	-	1	-	1	1	1	-	1	1	1	2	2	2	2	2	2	1	1	1	1	1	1	1	1	2	2	2	2	2	2	2	1	1	1	1	-	1	1	1	1	1	1	1	1	1	1	1	2	2	2	2	2	2	2	2	2	2	2	2	2	2	2	2	2	2	2	2	2	2	2	2	2	2	2	2	2	2	2	2	2	2	2	2	2	2	2	2	-	2	2	2	2	2	2	2	2	2	1	1	1	1	1	1	1	1
G_181	-	2	2	-	2	2	1	1	1	2	2	2	2	2	2	2	2	2	2	2	2	2	2	2	2	2	1	1	2	2	-	1	1	1	2	2	2	1	2	1	1	1	1	1	-	2	2	2	2	2	-	2	2	2	2	2	2	2	2	-	2	2	1	1	1	2	2	2	1	1	1	1	2	-	2	2	2	2	2	2	2	2	1	2	2	2	2	2	2	-	2	2	2	2	2	2	2	2	2	2	2	2	2	2	2	1	1	1	1	1	2	2	2	-	1	1	1	1	1	1	-	1	1	1	1	1	1	2	2	1	1	1	1	1	1	-	2	2	2	2	2	2	2	-	2	2	-	2	2	2	2	2	2	2	2	2	2	2	2	2	2	2	2	2	2	2	2	2	2	2	2	2	2	2	2	1	1	-	1	1	1	1	1	1	2	2	-	2	2	1	1	1	-	1	1	2	2	2	2	-
G_182	2	2	2	2	2	2	1	1	1	1	1	1	1	1	1	-	1	1	1	1	1	-	1	1	1	1	1	1	2	2	1	1	1	1	1	-	1	1	1	1	1	1	1	1	1	1	1	1	2	2	1	1	1	-	2	1	1	1	1	1	1	2	2	2	2	2	2	2	2	2	2	2	2	2	2	2	2	-	2	2	2	2	2	2	2	2	2	2	1	1	1	1	2	2	2	2	1	1	1	1	1	1	1	1	1	2	2	2	2	2	2	2	2	2	2	2	2	2	2	2	2	1	2	2	2	2	2	2	2	2	2	2	2	2	2	2	2	2	2	2	2	2	2	2	2	2	1	1	1	-	1	2	2	2	2	2	2	2	2	2	2	2	2	1	1	1	1	1	2	-	2	1	2	2	2	2	2	-	1	1	1	2	2	2	2	2	2	2	2	2	2	2	2	2	1	2	2	2	2	2
G_183	2	2	2	2	1	-	-	2	2	2	2	2	2	2	2	2	2	2	2	2	2	2	2	2	2	2	2	2	2	2	2	2	2	2	2	2	2	2	2	2	2	2	2	2	2	2	1/2	1/2	1	1	1	1	1	-	2	2	2	2	2	2	2	2	1	1	1	1	1	1	-	1	1	1	2	1	2	1	2	2	2	2	2	2	1	1	1	1	1	-	1	1	1	1	1	1	1	1	1	1	1	1	2	1	1	1	1	2	-	2	2	2	2	2	1	2	2	2	2	2	2	2	2	1	1	1	1	1	1	1	1	2	2	2	2	2	2	2	2	2	2	2	2	2	2	2	2	2	2	2	1	1	1	1	1	1	1	-	2	1	1	1	1	1	1	1	1	1	1	1	1	1	1	-	1	1	1	2	1	1	1	1	1	1	1	1	1	1	2	2	2	2	2	2	2	2	1	1	1	1	1	1
G_184	1	1	1	1	1	1	1	1	1	1	1	1	1	1	1	-	1	1	1	2	2	2	2	2	2	2	1	1	2	2	2	2	1	1	1	2	2	2	2	2	2	2	2	2	2	2	2	2	2	2	2	2	2	2	1	1	1	1	1	1	1	1	1	1	1	1	1	1	1	1	1	2	2	2	2	2	2	2	2	2	2	2	1	1	1	1	1	1	2	1	2	2	2	2	2	2	2	2	2	2	2	2	-	2	2	2	2	2	2	2	1	1	1	2	2	2	-	2	2	2	2	2	-	2	2	2	2	2	2	2	2	2	2	2	2	2	2	2	2	2	2	2	1	1	1	1	1	1	2	2	2	2	2	2	2	2	2	2	2	2	2	2	2	2	2	2	-	2	2	2	2	2	2	2	2	2	-	2	2	2	1	2	2	-	2	2	2	2	2	2	2	2	2	2	2	2	2	2	2	2
G_185	2	2	2	2	2	2	2	2	2	2	2	-	2	2	2	2	2	2	2	2	1	2	2	2	1	1	1	1	2	2	1	1	1	1	-	1	1	1	2	2	2	-	2	2	2	2	2	2	2	2	2	2	-	1	2	2	2	2	2	2	2	1	1	1	1	1	1	1	1	2	2	2	1	1	1	1	1	1	1	1	-	1	2	2	2	2	2	2	2	1	1	1	2	2	2	2	-	1	-	1	1	1	1	1	1	2	2	2	2	2	1	2	2	1	1	1	1	2	2	2	2	2	2	2	2	-	1	1	1	1	1	1	1	2	2	-	2	2	2	2	1	1/2	2	2	2	2	1	1	1	1	1	1	1	1	1	1	1	1	1	1	1	1	-	1	1	1	2	2	2	2	2	2	2	2	2	2	2	-	1	1	1	1	1	1	1	1	1	1	1	1	1	1	1	1	1	1	1	1	1	1
G_186	2	2	2	2	1	1	2	2	-	2	2	2	2	2	2	2	-	2	2	-	2	2	2	2	2	-	2	2	1	1	2	2	2	2	2	2	2	2	2	2	2	2	2	2	2	2	2	2	2	1	2	1	1	1	2	2	2	2	2	2	1	1	1	1	1	1	-	1	1	1	1	1	1	1	1	1	1	1	1	1	1	1	1	1	1	-	2	2	2	2	-	2	2	2	2	2	2	2	1	1	2	2	2	-	2	1	1	1	1	1	2	2	2	2	1	1	1	1	2	2	2	2	2	2	2	2	2	2	2	2	-	2	2	2	2	2	2	2	2	2	-	2	1	1	1	1	1	1	1	1	1	1	1	1	1	1	1	1	1	1	1	-	1	1	1	1	1	1	1	1	1	1	1	1	1	2	2	2	2	2	2	2	2	2	2	2	-	2	2	2	2	2	2	2	1	1	1	1	1	1
G_187	2	2	2	2	2	2	1	1	1	-	1	1	-	-	1	1	-	1	1	1	1	1	1	1	1	1	1	1	1	1	-	2	2	2	2	2	2	2	1	1	1	1	1	1	1	1	1	1	2	2	2	1	1	1	1	1	1	1	1	2	2	2	2	2	2	2	2	2	2	2	2	2	2	2	2	2	2	2	2	-	2	2	1	1	1	1	1	1	1	1	1	1	1	1	1	-	1	1	1	1	1	1	1	1	1	1	1	1	2	2	1	1	-	1	2	2	2	1	1	1	2	2	2	2	1	1	1	1	2	1	1	1	1	1	1	1	1	1	1	1	1/2	1/2	1	1	1	2	1	2	2	2	2	1	1	1	1	1	1	2	2	2	2	2	2	2	-	2	2	-	1	1	1	1	1	1	1	1	1	1	1	-	1	2	2	2	1/2	1/2	1/2	1/2	1/2	2	2	1	2	-	2	2	2	2	2	2
G_188	1	1	1	1	1	1	-	1	1	1	1	1	1	1	1	1	1	1	1	1	1	1	1	1	1	1	1	1	2	2	2	2	2	-	1	1	1	1	2	2	2	2	2	2	2	2	2	2	1	1	1	2	2	2	1	2	2	2	1	1	1	1	1	1	1	1	1	1	1	1	1	1	1	1	1	1	1	1	1	1	1	1	1	1	1	1	1	1	1	1	1	1	1	1	1	1	1	1	1	2	1	1	1	1	1	1	1	1	1	1	1	1	1	1	1	-	1	1	1	1	1	2	2	2	2	-	2	2	2	2	2	-	2	2	2	2	2	2	-	2	2	2	2	2	2	2	2	2	2	2	2	2	2	2	2	1	1	1	1	1	1	1	1	1	1	1	1	1	1	1	1	1	1	1	1	1	1	1	1	1	1	-	1	1	2	2	2	2	2	2	2	2	2	2	2	2	2	2	2	2
G_189	2	2	1	1	1	1	1	-	2	2	2	2	2	2	2	2	2	2	2	2	2	2	2	2	2	1	1	1	2	2	1	1	-	1	1	2	2	2	-	2	2	2	2	2	2	2	-	2	2	2	-	1	1	1	1	2	2	2	2	2	2	2	2	2	2	2	1	1	-	2	2	2	2	2	2	2	1	1	1	1	1	1	1	1	2	2	2	2	2	2	2	2	2	2	2	2	2	2	2	2	2	2	2	2	1	1	1	1	1	1	1	1	1	1	1	1	1	1	1	1	1	1	1	1	1	1	1	2	1	1	1	1	1	1	1	1	1	1	1	1	1	1	1	-	2	2	1	1	1	1	1	1	1	1	1	1	1	1	1	1	1	1	2	2	2	2	2	2	2	2	2	2	2	2	2	1	1	1	1	1	1	1	1	2	2	2	2	1	1	-	1	1	2	2	2	2	2	2	-	2
G_190	2	2	2	2	2	2	2	2	2	2	2	2	2	2	2	2	2	2	2	2	2	1	1	1	1	2	2	2	2	2	2	2	2	2	2	-	1	1	1	1	1	1	1	1	1	1	1	1	2	2	-	2	2	2	2	2	2	2	2	2	1	2	1	1	1	1	1	1	1	1	1	1	1	1	1	1	1	1	1	1	1	1	2	2	2	2	2	2	2	2	2	2	-	2	2	2	2	2	1	1	1	1	1	1	1	1	1	1	1	1	1	1	1	1	1	1	1	1	1	1	1	1	1	1	1	1	1	1	1	1	1	1	1	1	1	1	1	1	1	1	1	1	2	2	2	2	-	2	2	2	2	2	2	2	2	2	2	2	2	2	2	2	2	2	2	2	2	-	2	2	2	2	2	2	2	1	1	1	1	-	1	1	1	1	1	1	1	1	1	1	1	1	1	1	2	2	2	2	2	-
G_191	2	2	2	2	2	2	2	2	2	2	2	2	2	2	2	-	2	2	2	-	2	2	2	2	2	1	1	1	1	2	2	1	1	1	1	1	1	1	1	1	1	1	1	1	-	1	1	1	1	1	1	1	1	2	1	1	1	1	1	1	1	1	1	1	1	1	2	2	2	-	2	2	2	2	2	2	2	1	2	1	1	1	2	2	1	1	1	1	1	1	1	1	1	1	2	2	2	2	2	-	2	2	2	2	2	1	1	-	-	1	1	1	1	1	1	1	1	1	1	2	2	2	2	2	2	2	2	2	2	2	2	2	2	2	2	-	2	2	2	2	2	2	1	1	1	1	1	1	1	1	1	1	1	-	1	2	2	1	1	1	1	1	1	1	1	1	1	1	1	1	1	1	1	1	1	2	2	2	-	2	2	2	2	2	2	2	2	2	2	2	2	2	2	2	2	2	2	2	2	1
G_192	1	1	1	2	2	2	2	2	2	2	2	2	2	2	2	1	2	2	1	1	1	1	1	1	1	1	1	1	2	2	2	2	-	2	2	2	2	2	-	2	2	2	2	2	2	2	2	2	1	1	2	2	2	2	2	2	2	1	1	1	1	1	1	1	1	1	2	2	2	2	2	2	2	2	2	2	-	2	2	2	2	2	2	2	2	-	2	2	2	2	2	2	1	1	1	1	1	1	1	1	1/2	1/2	2	2	2	1	1	1	2	2	1/2	1	1	1	1	1	1	1	1	1	1	1	1	-	1	1	1	1	1	1	1	1	1	1	1	1	1	1	1	1	1	1	1	1	1	1	2	2	2	2	2	2	1	-	1	1	1	1	1	1	1	1	2	2	2	2	2	1	1	1	1	1	1	1	1	2	2	2	2	1	1	1	1	-	2	2	1	1	1	1	1	1	2	-	2	2	2	2	2	2
G_193	2	2	2	2	2	2	1	1	1	1	1	1	1	1	1	1	1	1	1	1	1	1	1	1	1	1	1	1	2	2	1	1	1	1	2	2	-	2	2	2	2	2	1	1	1	1	1	1	1	1	2	2	2	2	2	2	2	-	2	2	1	2	2	2	2	2	1	1	1	2	2	2	1	-	2	1	1	1	1	1	2	2	-	2	2	2	2	2	1	1	1	1	1	1	1	1	1	1	1	1	2	2	-	2	2	1	1	1	1	1	1	1	1	2	-	2	2	2	-	2	2	2	2	2	2	2	2	2	2	2	2	2	2	2	2	2	2	2	2	2	2	2	2	2	2	2	2	-	2	2	2	2	2	2	2	2	2	1	1	1	1	1	-	-	1	-	1	1	1	1	1	2	1	1	1	2	2	2	2	2	2	2	2	2	2	2	2	2	2	2	2	2	2	2	1	1	1	1	1	2
G_194	2	2	2	2	-	2	2	2	2	1	1	1	1	1	1	1	1	1	1	1	1	1	1	1	1	1	1	1	2	2	1	1	1	1	1	1	1	1	1	1	1	1	1	1	1	1	1	1	1	1	1	1	1	1	1	1	1	1	1	1	1	-	1	1	1	1	2	2	2	2	2	2	2	2	2	2	2	2	2	2	2	2	-	2	2	2	2	2	2	2	2	2	2	2	2	2	1	1	1	1	1	1	1	1	1	2	2	2	2	2	2	2	2	2	2	2	2	1	1	1	1	1	1	1	1	1	1	1	1	1	1	1	1	1	1	1	1	1	1	1	1	1	1	1	1	1	1	1	1	1	1	1	1	1	1	1	1	1	1	1	2	2	2	2	2	2	2	2	2	2	2	2	2	2	2	1	1	1	1	1	1	1	1	1	1	1	1/2	2	2	2	-	2	-	2	-	1	1	1	1	1
G_195	-	2	2	1	1	1	1	1	1	1	1	1	1	1	1	1	1	1	1	1	2	2	2	2	1	1	-	1	2	-	2	2	1	1	1	1	1	1	1	2	2	2	2	2	2	2	2	2	2	2	2	2	1	2	2	2	2	2	2	2	2	2	2	2	2	2	2	2	2	2	2	2	2	2	2	2	2	2	2	2	2	2	2	2	1	1	1	1	2	2	2	2	2	-	2	2	2	2	2	2	-	2	2	2	1	2	2	2	2	-	2	2	2	2	2	2	2	2	2	2	2	2	2	2	2	2	2	2	1	1	1	1	1	1	1	1	1	1	1	1	1	1	2	2	2	2	2	2	-	2	2	1	1	1	1	1	1	1	1	1	1	1	1	1	1	1	2	2	1	1	1	1	1	1	1	2	-	2	2	2	2	2	2	2	2	2	2	2	-	2	2	2	1	1	1	1	1	1	1	1
G_196	1	1	1	1	1	1	1	2	2	2	2	2	1	1	1	1	1	-	1	1	1	1	1	1	2	2	2	1	-	1	1	2	2	-	2	2	2	1	1	1	1	1	1	1	1	1	1	1	1	1	1	1	1	1	2	-	1	1	1	1	1	2	2	2	2	2	2	2	2	2	-	2	2	2	2	2	2	2	2	2	1	1	2	2	1	1	1	1	1	1	1	1	1	1	1	1	1	1	1	1	2	2	2	2	2	2	2	2	-	-	2	2	2	2	-	2	2	2	2	2	2	2	2	2	2	2	2	2	2	2	2	2	2	2	2	2	2	2	2	2	2	2	1	1	1	1	1	1	1	1	1	1	1	1	1	1	1	1	1	1	1	1	1	1	1	1	1	1	1	1	1	2	2	2	2	1	1	1	1	1	1	-	2	2	2	-	2	-	2	2	2	2	1	1	1	1	1	1	1	1
G_197	1	1	1	1	1	1	1	-	1	1	1	1	1	1	1	1	1	1	1	1	1	1	1	1	1	1	1	1	2	1	1	2	1	1	1	1	1	1	1	1	1	1	-	1	2	2	2	2	2	2	2	2	2	2	1	1	1	1	1	1	1	1	2	2	2	2	1	1	1	1	1	1	1	1	1	1	1	1	1	1	1	1	1	1	1	1	1	1	1	1	1	1	1	-	1	1	2	2	2	2	2	2	-	2	1	2	2	2	2	2	1	1	1	1	1	1	1	1	1	1	1	1	1	1	1	1	1	1	1	1	1	-	1	1	2	2	2	2	2	2	2	2	2	2	2	2	1	1	1	1	1	1	2	2	2	2	2	2	2	2	2	2	2	2	-	2	2	2	1	1	1	2	1	1	1	2	2	2	2	2	2	2	2	-	2	2	2	2	2	1	1	1	2	2	2	1	1	1	1	1
G_198	1	1	1	1	1	1	1	1	1	1	1	1	1	1	1	2	-	1	1	1	1	1	1	1	1	1	1	1	2	2	2	1	1	1	-	2	2	2	1	1	1	1	1	1	1	1	1	1	2	1	2	-	2	1	2	2	2	2	2	2	2	2	2	2	2	2	2	2	-	2	2	2	2	2	2	2	2	2	2	2	2	2	1	1	1	1	1	1	1	2	-	2	2	-	2	2	2	1	1	1	2	2	2	2	2	2	2	2	2	2	2	2	1	1	2	2	2	2	2	1	1	1	-	1	1	1	1	1	1	1	1	1	1	1	1	1	1	1	1	1	1	2	1	-	1	1	1	1	1	1	1	1	1	1	1	1	1	1	1	1	1	1	1	1	1	-	1	1	1	1	1	1	1	1	1	2	2	2	2	2	2	-	-	2	2	2	2	2	2	2	2	2	1	1	1	1	1	1	1	1
G_199	1	1	1	1	1	1	2	2	2	2	2	2	2	2	2	2	2	2	2	2	2	2	2	2	2	2	1	1	1	1	1	2	2	2	2	2	2	2	2	2	2	2	2	2	2	2	2	2	2	2	2	2	-	1	1	1	-	1	1	1	2	1	-	1	1	1	1	-	1	1	1	1	2	2	2	1	1	1	1	1	1	1	1	1	2	2	2	2	2	2	2	2	2	2	1	1	-	2	2	2	2	2	2	2	2	1	1	1	1	1	1	1	1	2	2	2	2	2	2	2	2	1	1	1	1	1	1	1	1	1	1	1	1	1	1	1	1	1	1	1	1	1	1	1	1	1	1	1	1	1	1	1	1	1	1	1	2	1	1	2	2	-	2	2	2	2	1	1	1	1	1	1	1	1	1	2	2	2	2	2	2	2	2	2	2	2	2	2	2	2	2	2	2	2	2	2	2	2	2	2
G_200	1	1	1	1	-	2	2	2	2	-	2	2	2	2	2	1	1	1	1	1	1	1	1	1	1	1	1	1	2	2	2	2	2	2	2	2	2	2	1	2	2	2	2	2	2	2	2	2	2	2	2	2	2	2	1	1	-	1	-	1	1	1	1	1	1	1	2	2	2	2	2	2	2	2	2	2	2	2	2	2	2	2	2	2	1	1	1	1	1	1	1	1	1	1	1	1	1	1	1	1	-	1	1	1	1	-	2	2	2	2	2	2	-	2	2	2	2	1	1	2	2	1	1	1	1	1	1	1	1	1	1	1	1	1	1	1	-	1	1	1	1	1	1	1	1	2	-	2	1	1	1	1	1	1	1	2	2	2	2	2	2	2	2	2	2	2	-	2	2	2	2	2	2	2	2	2	2	2	1	1	1	1	1	1	1/2	1/2	1/2	1/2	1	1	1	1	1/2	1/2	1	2	2	2	2	2
