1279.237216
1280.747194
1276.494252
1294.743091
1283.158370
1298.634324
1296.142699
1274.991045
1289.593834
1280.070695
1284.932993
1268.840257
1271.505008
1276.446909
1259.930748
1268.143388
1266.065165
1270.793618
1278.954215
1278.626342
1287.813704
1294.331916
1275.872785
1284.908005
1278.473961
1291.663785
1270.828202
1270.692097
1278.728710
1282.229109
1259.418192
1287.526338
1277.023479
1255.887471
1293.121542
1294.095797
1277.093363
1267.125749
1273.689438
1299.923222
1298.718272
1280.195011
1284.630865
1289.629145
1281.980503
1285.196791
1273.621821
1283.835613
1289.337932
1273.521778
1276.652180
1290.479402
1287.345661
1253.899861
1275.319847
1294.234939
1276.752715
1284.552969
1264.014221
1284.242462
1280.987941
1284.411166
1287.397926
1284.974013
1281.524972
1298.594638
1257.511786
1268.667127
1271.969065
1273.643492
1274.184849
1254.525280
1263.991987
1264.247829
1280.838252
1278.296962
1266.144165
1277.793554
1277.354290
1290.953668
1285.502283
1296.133340
1281.464674
1287.792229
1284.687293
1289.270800
1295.559623
1283.262604
1287.445094
1289.574753
1293.071570
1286.209613
1281.396902
1286.177057
1297.688463
1282.657825
1288.347740
1273.356256
1270.947376
1280.079487
1288.582719
1295.336597
1288.958893
1289.762111
1263.826722
1277.984976
1279.961869
1287.499732
1285.485057
1278.980872
1290.394557
1286.809173
1289.763390
1298.969670
1287.276436
1278.576974
1274.095929
1278.630679
1283.827619
1282.873958
1272.262469
1282.085879
1274.210253
1279.612313
1267.346574
1284.938514
1275.590626
1287.471090
1286.591991
1289.014776
1278.368588
1281.532422
1265.216130
1268.932989
1271.826912
1246.763000
1291.746582
1272.859265
1294.279542
1272.426907
1275.941050
1288.277851
1286.803931
1272.917249
1279.643660
1271.913866
1281.624551
1271.903208
1292.075940
1285.409623
1286.468984
1276.578866
1274.699673
1253.833153
1288.056203
1288.657989
1290.761962
1289.779984
1283.701644
1270.745649
1289.255466
1272.395786
1273.378276
1294.593704
1275.673572
1288.608635
1278.501348
1285.193829
1292.216099
1285.837535
1278.671864
1284.178005
1273.651326
1288.776956
1290.292137
1293.947249
1276.017683
1277.486119
1271.020306
1259.329110
1285.848076
1287.153126
1303.858846
1286.867293
1287.743340
1295.699807
1275.203172
1249.352865
1285.252987
1258.122058
1288.305462
1285.480273
1273.220857
1293.178404
1281.157926
1297.432230
1287.389503
1286.827538
1287.331812
1316.231387
1290.803801
1286.771945
1309.217918
1281.687695
1281.964271
1294.698497
1291.346453
1286.687814
1269.977761
1282.151764
1278.116709
1292.208106
1283.794425
1282.774497
1281.243523
1295.575484
1280.616811
1287.400420
1285.023082
1283.308052
1286.490748
1280.369654
1301.329680
1295.332692
1274.785034
1283.187774
1286.257938
1275.703779
1279.775032
1264.831811
1295.741263
1277.584101
1286.608301
1287.331447
1287.458075
1258.606321
1275.858672
1290.843002
1274.836162
1294.574188
1292.797676
1273.665982
1280.933052
1279.584899
1279.127940
1313.927579
1306.526299
1312.334729
1297.823799
1307.368110
1290.976464
1290.074616
1290.484960
1285.266568
1280.044359
1281.099498
1286.695832
1286.603761
1289.154056
1277.563087
1283.635850
1271.791832
1272.266580
1270.663752
1284.300810
1268.493957
1290.866816
1258.146321
1284.527269
1280.098672
1287.898309
1288.377996
1299.872006
1283.114236
1284.645951
1292.136241
1275.604187
1278.677277
1270.884826
1290.845619
1296.443917
1259.831019
1275.537268
1264.369402
1262.387986
1283.977057
1282.763055
1297.156997
1267.853434
1269.667760
1277.077047
1268.113547
1297.975722
1285.244046
1260.815547
1273.779143
1281.414776
1276.941154
1284.935625
1293.669770
1290.500854
1282.748248
1315.697452
1293.788062
1270.462483
1278.273334
1271.188163
1265.977891
1274.171971
1275.027286
1266.881069
1290.260935
1279.175490
1297.985396
1305.716838
1281.950788
1287.145271
1295.037123
1294.137238
1283.456041
1275.541173
1285.715528
1273.498552
1282.857456
1297.890758
1294.237938
1287.765817
1282.940557
1284.650322
1300.583843
1274.151413
1279.753386
1269.273524
1286.452554
1284.610394
1296.807042
1286.829068
1286.367707
1277.605040
1260.001097
1259.120220
1263.759965
1271.736376
1264.282271
1283.405619
1282.629051
1265.952994
1279.568490
1292.463533
1285.419461
1271.622438
1278.148755
1270.445227
1257.351449
1275.922772
1273.705223
1274.030454
1293.022252
1282.232685
1279.518447
1273.607789
1275.744998
1265.828581
1279.892680
1284.103183
1276.610857
1293.138502
1274.127940
1290.594248
1276.724724
1262.070778
1291.248945
1287.081728
1275.488817
1296.674552
1289.802042
1285.930797
1280.405878
1281.478233
1275.505510
1277.646500
1267.806122
1267.401736
1259.340250
1285.284451
1287.838401
1264.784835
1266.655132
1291.178581
1286.634609
1300.026277
1289.250014
1281.710347
1279.119375
1276.757093
1266.831048
1252.044253
1267.497373
1284.245102
1284.273384
1290.241668
1278.938215
1253.300357
1254.645079
1284.579863
1286.577869
1301.328537
1289.890194
1285.612402
1282.327755
1287.627036
1283.295659
1260.999437
1274.675236
1282.284879
1248.891675
1273.121494
1288.512783
1260.455093
1290.496214
1286.846815
1271.765962
1279.841762
1260.397739
1277.632953
1291.964943
1292.233449
1292.450332
1287.263854
1271.270844
1268.920103
1287.374950
1293.522617
1267.112374
1301.555488
1286.527750
1289.166551
1300.850804
1295.266436
1283.115826
1293.457195
1286.329884
1276.000831
1279.295354
1273.294720
1284.466158
1277.711089
1282.737743
1268.507763
1285.570115
1293.792070
1290.969427
1284.414297
1277.122049
1285.382346
1291.230527
1290.885385
1282.487954
1279.269338
1290.562989
1287.906772
1280.915967
1294.531650
1279.432307
1295.060253
1281.865241
1263.278004
1277.711587
1274.960846
1288.146850
1276.376824
1277.184834
1293.692728
1262.401386
1272.241716
1277.474710
1261.921460
1279.918144
1262.118787
1280.261393
1319.497590
1277.245116
1285.356342
1287.901333
1253.090677
1270.423106
1265.028722
1285.287104
1299.492944
1282.296078
1286.537877
1274.561283
1284.545031
1276.987998
1269.832470
1286.692904
1293.047779
1267.416190
1278.534690
1278.518666
1281.537424
1282.912543
1282.182617
1287.599815
1281.818948
1276.620337
1287.946497
1276.024168
1297.142016
1289.113185
1268.625126
1257.680817
1276.388903
1285.824239
1230.253333
1269.215239
1278.542388
1263.024141
1282.342205
1289.682480
1287.797817
1284.500631
1289.730651
1284.193699
1271.070490
1279.476649
1301.090902
1310.494484
1307.304156
1268.831023
1276.611697
1264.119758
1287.545632
1272.711296
1283.754980
1264.370633
1279.612213
1284.887173
1297.960885
1279.885809
1281.949839
1270.546495
1294.913815
1287.060133
1290.748012
1290.105200
1263.285215
1281.775861
1248.516635
1286.948457
1284.008971
1288.985007
1269.787329
1284.731413
1282.348321
1280.318558
1298.556773
1277.573330
1271.909711
1264.966230
1282.224500
1280.790040
1262.122311
1259.727417
1269.894278
1282.741946
1275.037945
1270.803394
1281.601046
1302.967589
1290.792090
1285.843438
1267.240965
1284.691619
1283.925257
1271.429748
1266.165281
1283.883364
1251.830976
1282.236098
1295.215122
1303.585853
1285.249854
1284.192843
1278.239525
1286.969093
1282.755477
1293.080849
1282.598622
1285.195030
1282.513813
1276.434142
1258.193986
1279.824335
1282.869564
1281.102901
1276.051366
1265.399201
1276.836256
1242.705978
1275.358175
1267.328958
1282.715994
1288.370502
1286.702159
1271.769702
1285.959644
1294.454968
1280.139722
1279.924740
1280.794534
1285.409808
1297.439163
1269.611321
1247.835565
1277.128033
1288.762265
1268.171506
1278.403735
1278.020951
1282.126159
1292.232469
1300.882039
1282.378412
1297.713872
1268.384553
1259.651525
1279.100026
1261.575125
1257.539975
1256.740669
1282.576357
1275.101919
1287.241484
1276.747836
1285.985240
1278.268631
1277.030703
1290.266077
1290.432101
1267.035915
1287.081415
1280.537918
1281.073735
1271.439508
1287.391172
1274.954079
1286.969036
1269.466022
1270.261157
1272.079638
1268.693670
1261.912264
1283.787233
1296.279604
1287.371115
1271.797558
1300.805231
1281.621241
1264.675118
1277.103924
1276.098585
1284.771451
1285.547749
1296.649737
1299.373022
1299.326318
1279.346426
1268.442036
1266.785522
1280.884764
1271.872481
1281.667693
1272.096205
1268.391347
1290.818274
1261.847467
1241.679650
1278.613485
1286.023487
1281.063216
1284.570599
1287.895571
1292.651104
1264.064703
1281.521539
1300.908423
1287.879649
1287.011397
1284.851953
1285.412388
1288.110686
1287.705152
1288.800633
1270.927578
1249.568188
1276.051867
1297.791753
1286.934805
1280.111483
1275.732173
1274.643807
1280.151764
1259.481772
1269.483083
1291.299757
1303.972462
1287.204322
1308.605189
1290.763490
1280.194958
1279.806166
1277.999385
1300.650002
1294.745863
1286.662268
1287.663844
1289.474641
1282.938286
1259.696415
1259.712114
1290.235511
1277.659351
1288.043430
1279.179094
1284.147249
1277.056234
1285.650817
1265.518526
1282.732365
1273.650061
1290.996986
1298.994825
1260.338539
1288.973894
1262.454718
1283.267146
1259.433298
1278.501548
1290.434644
1267.453897
1278.722913
1281.760657
1282.159867
1297.313139
1274.962773
1296.993183
1293.147048
1287.110541
1277.383328
1278.178088
1275.088851
1266.969723
1289.977256
1288.151510
1298.839028
1293.498779
1295.412450
1292.002813
1290.908132
1273.710164
1273.489947
1268.920591
1303.727495
1298.320708
1282.656466
1273.200553
1285.789052
1300.848917
1288.803662
1286.737615
1298.634235
1286.960115
1278.320262
1253.175754
1280.524886
1282.881696
1292.583892
1282.026014
1291.145774
1283.787890
1288.277051
1283.929152
1284.352595
1274.321700
1297.253876
1285.011713
1272.488187
1280.284788
1264.841918
1274.392228
1287.352249
1266.296098
1279.570152
1276.071889
1276.058051
1281.937762
1256.025714
1284.053333
1278.890256
1275.400472
1284.839709
1303.386971
1274.473442
1267.747379
1272.708379
1280.445099
1285.931246
1273.014515
1278.610708
1285.179995
1275.255471
1256.149164
1271.381366
1276.197992
1282.914340
1284.034451
1292.197409
1287.064023
1290.391312
1259.844107
1275.799977
1273.883271
1287.207979
1274.194974
1280.934579
1272.697692
1269.805709
1283.825419
1267.982387
1298.222458
1283.335282
1293.580894
1291.189254
1274.370463
1275.657086
1275.945824
1294.510484
1267.917974
1280.585096
1298.321377
1293.499044
1293.617772
1269.977546
1293.526900
1282.672345
1271.458702
1286.731170
1275.717979
1294.588405
1283.475541
1299.651930
1272.504855
1281.613087
1286.562243
1297.698400
1303.987183
1265.583533
1296.541065
1287.662956
1298.746093
1255.733893
1278.252535
1273.799205
1286.415772
1291.645719
1292.690173
1297.683828
1284.688151
1291.213140
1268.761738
1267.800724
1267.734804
1263.629012
1289.877415
1269.645518
1266.515199
1292.608442
1270.104110
1255.385621
1269.558565
1275.454040
1263.676503
1280.533604
1275.754564
1277.033329
1297.806196
1260.313693
1266.591015
1306.981173
1279.970898
1277.048369
1279.125388
1278.735856
1265.346191
1273.553575
1293.266880
1270.199358
1295.861268
1285.762363
1283.847875
1280.675190
1279.755024
1277.987188
1286.719756
1292.761478
1276.558483
1284.398977
1276.834145
1285.063404
1284.940579
1291.809379
1281.594297
1256.505106
1288.955062
1290.143725
1295.111147
1285.717089
1281.465443
1296.041668
1287.861496
1257.610054
1283.998831
1264.766483
1266.670829
1268.324005
1278.342500
1293.830476
1291.127348
1283.265602
1307.439275
1290.924707
1281.798098
1296.946928
1284.143062
1304.829620
1310.758704
1291.923609
1255.689928
1283.782207
1262.891020
1255.287781
1263.485225
1282.036923
1290.677549
1285.400788
1270.179913
1261.132843
1280.262383
1293.207370
1286.694909
1269.375494
1272.703166
1267.633198
1298.225833
1286.184544
1289.807246
1280.026375
1272.762579
1284.198079
1276.769332
1269.490346
1282.675778
1299.383645
1289.455477
1291.231817
1283.664059
1277.374154
1288.860321
1281.364654
1261.852254
1286.921680
1267.707983
1280.642662
1273.082180
1278.500516
1290.144897
1277.156763
1276.450485
1273.612813
1289.749445
1280.368357
1288.210078
1292.670754
1284.801646
1265.831409
1265.449457
1252.930861
1272.437816
1261.554834
1277.089470
1287.969976
1276.459905
1283.143447
1272.823193
1280.086105
1289.447507
1283.451082
1300.678613
1274.662893
1295.348109
1294.174750
1278.657700
1291.894456
1289.487798
1274.384959
1274.021702
1278.681471
1283.925936
1282.015080
1292.721856
1293.890607
1282.214665
1281.129290
1265.757495
1277.314912
1287.398583
1279.448438
1274.420510
1271.826957
1274.753862
1295.608538
1280.311959
1292.350728
1277.296967
1264.698287
1280.843696
1264.785156
1279.014326
1281.984701
1278.984597
1293.034231
1286.319309
1276.829847
1274.012350
1265.389291
1270.545850
1285.315013
1292.057487
1282.768618
1266.640764
1272.386005
1264.898041
1286.708121
1275.591953
1273.579965
1265.169430
1283.521586
1290.035904
1267.692828
1291.987043
1261.648275
1275.935163
1294.876749
1299.446052
1292.555925
1300.348324
1262.515287
1276.040359
1278.609172
1281.630458
1275.444467
1279.236783
1269.721245
1273.798793
1277.463937
1275.566771
1270.995801
1285.187019
1292.239793
1284.650397
1291.837449
1282.560406
1277.532468
1258.638383
1284.135033
1282.010881
1271.688721
1296.331116
1284.953809
1276.319285
1273.113871
1287.522128
1258.415375
1257.704694
1293.110371
1294.623244
1277.092334
1271.546063
1262.901473
1289.862393
1269.423210
1288.176336
1293.305741
1291.817335
1287.198117
1295.788489
1275.074553
1278.542093
1283.809957
1280.717126
1277.002132
1290.469270
1274.362423
1282.634985
1288.289248
1290.227246
1274.245748
1255.295542
1294.527310
1291.944578
1289.272433
1286.258906
1292.574397
1295.349814
1291.037058
1288.076307
1278.591083
1278.648366
1282.335266
1272.396827
1267.853648
1277.706095
1284.971368
1267.759690
1292.094803
1284.265280
1294.720885
1273.492494
1269.623843
1292.344433
1289.182815
1282.356348
1285.924334
1274.913572
1285.308935
1280.863677
1281.665120
1286.458966
1279.623341
1284.654960
1280.254618
1277.184921
1262.351748
1278.782870
1269.108694
1282.837948
1276.711649
1285.370945
1289.397607
1271.047430
1295.562801
1291.104694
1285.215393
1279.796169
1293.421915
1285.984153
1288.963580
1300.073778
1288.409312
1275.515954
1281.683328
1286.853785
1287.230289
1283.879936
1282.245497
1278.813786
1286.197291
1271.850582
1281.478186
1258.227485
1281.705990
1277.069824
1283.892223
1275.936521
1279.951896
1288.494336
1266.359942
1280.892116
1280.941291
1285.459046
1279.529885
1299.699693
1299.005688
1284.515835
1289.482921
1286.971614
1302.466694
1279.628889
1264.108782
1283.963705
1284.284820
1260.260324
1288.662734
1285.117599
1288.151132
1282.010662
1295.700901
1287.471975
1294.743369
1291.091197
1283.033354
1278.981259
1283.889072
1273.125447
1283.389487
1286.146692
1290.001403
1291.398983
1287.863099
1289.056328
1294.633535
1260.540610
1278.007686
1270.752539
1284.622015
1272.256791
1264.068699
1279.994278
1294.820904
1285.866524
1279.194212
1285.443459
1270.936868
1293.520086
1274.677937
1284.710255
1270.899152
1286.603654
1274.175668
1261.161602
1284.511406
1288.485607
1288.863652
1275.967051
1266.441253
1279.348847
1273.786862
1279.819013
1285.313935
1283.982019
1277.372758
1290.311899
1279.964022
1282.834553
1272.901005
1288.410103
1276.376702
1281.028267
1271.210212
1273.566979
1281.019574
1303.230540
1288.951338
1275.166113
1288.634600
1305.699810
1277.382498
1275.328293
1286.817453
1277.252164
1269.751759
1274.923208
1283.202557
1272.038182
1278.478994
1283.399362
1277.816102
1278.994424
1288.013223
1283.088452
1267.453064
1276.042223
1293.812933
1285.271278
1282.057007
1284.161105
1289.837205
1273.632244
1274.614794
1279.649143
1297.325060
1287.945477
1281.459161
1277.917605
1278.349646
1267.522934
1284.189219
1288.866067
1277.806995
1287.390224
1273.107701
1292.211869
1297.851639
1277.136246
1283.214301
1301.334203
1293.537408
1276.520000
1263.881779
1278.393521
1258.817942
1274.622537
1269.408086
1276.338804
1288.659624
1285.179501
1272.698792
1268.916209
1270.932479
1272.091282
1269.422265
1287.543705
1271.803314
1275.105935
1285.563744
1283.728953
1281.841808
1274.419979
1279.398151
1271.422779
1271.750430
1294.270938
1278.142037
1276.130156
1291.786477
1275.603598
1268.623674
1284.971936
1267.550983
1277.700047
1273.425755
1278.731090
1284.903213
1293.047038
1290.055836
1288.803051
1287.823925
1280.536266
1265.004593
1279.462826
1276.852322
1283.371874
1289.470079
1289.187535
1293.025535
1290.013861
1295.825977
1261.115573
1284.708260
1289.256793
1291.238715
1283.845458
1282.977504
1277.590444
1278.671271
1286.380480
1287.323857
1262.571981
1283.672102
1297.382819
1257.305270
1272.461091
1264.609850
1281.618079
1262.904401
1296.036238
1293.639164
1280.233706
1274.602619
1289.741790
1278.379809
1283.479754
1290.385273
1257.072686
1275.334381
1268.036661
1266.812936
1270.079812
1296.239571
1290.247445
1301.541437
1272.298829
1272.275304
1286.144955
1263.573899
1269.043815
1271.270732
1272.704383
1277.520855
1276.373246
1278.814453
1275.498391
1291.305727
1290.342956
1293.039366
1281.222101
1289.547014
1273.944536
1297.618437
1291.665647
1288.794158
1275.233543
1260.103016
1273.239615
1281.517030
1271.902150
1280.618671
1282.731688
1278.977466
1306.485734
1281.213740
1279.836146
1281.985043
1280.208324
1293.291194
1288.811505
1284.253892
1290.447434
1279.042876
1285.136848
1272.860900
1287.113958
1288.342160
1289.600443
1298.898244
1288.070718
1289.596702
1282.664780
1285.597107
1304.766307
1285.575181
1281.824934
1285.253229
1278.508819
1295.371607
1294.312935
1284.482627
1296.693755
1308.577977
1300.703116
1287.084852
1271.865404
1286.997742
1283.124722
1280.385613
1286.408238
1281.370013
1287.266324
1291.360715
1280.507208
1296.842860
1288.082476
1291.469927
1288.981662
1299.428839
1308.472082
1295.858828
1271.604721
1284.919287
1281.489668
1280.402931
1288.522757
1283.751686
1279.066724
1275.924093
1291.034535
1270.131423
1286.986214
1285.909800
1277.306954
1272.831941
1294.398467
1282.366441
1270.290716
1286.234017
1290.087294
1289.143915
1277.043761
1279.757044
1292.443888
1278.334151
1299.447078
1292.157537
1299.994355
1281.997174
1293.311379
1296.951575
1278.411936
1297.878722
1277.989675
1304.438235
1290.903079
1289.617775
1284.689235
1276.896639
1287.771581
1273.096811
1258.511812
1272.022081
1280.847571
1291.835062
1284.812896
1289.963999
1267.328847
1289.050021
1274.471847
1289.225917
1288.108714
1290.153984
1285.124497
1276.016048
1266.659999
1281.799168
1285.657425
1285.747032
1286.550298
1285.931474
1296.239886
1289.303791
1287.901077
1276.234044
1284.197627
1262.420607
1272.046968
1258.682147
1285.760460
1274.853159
1270.333338
1286.738097
1283.607130
1266.548670
1288.073955
1281.895064
1274.433770
1276.681723
1282.107719
1306.361764
1293.561000
1294.422989
1282.437783
1300.217085
1281.774832
1284.391162
1270.700897
1270.839201
1288.607699
1293.946691
1293.839360
1296.904984
1278.497181
1283.369141
1276.629775
1277.915040
1282.443301
1280.330196
1290.127163
1279.702611
1277.702898
1281.109868
1291.737387
1281.806304
1291.312027
1283.827964
1278.879870
1279.198394
1285.773104
1285.449918
1295.921935
1286.084530
1286.307948
1308.877289
1262.553185
1281.916416
1294.905150
1278.599295
1299.570190
1272.971311
1272.418275
1276.566444
1269.201376
1271.820525
1265.515678
1277.310347
1274.030531
1290.626403
1292.081761
1269.981432
1272.223583
1287.985206
1295.110818
1271.031513
1292.188688
1282.270501
1281.220310
1278.091389
1290.064341
1279.550740
1286.705541
1277.630840
1284.998506
1286.410080
1283.992436
1270.341390
1280.940100
1283.683354
1276.543099
1292.166585
1287.106624
1293.851979
1264.263846
1281.898275
1287.339648
1285.231016
1285.681890
1286.182755
1278.557935
1285.942834
1279.803817
1293.451837
1291.813568
1291.130057
1278.050332
1267.068491
1273.487421
1276.234233
1297.543386
1276.709485
1280.257360
1271.984034
1282.379957
1283.306928
1285.846828
1286.614985
1279.588843
1283.690898
1276.333414
1298.998315
1282.908696
1267.087481
1280.158950
1269.777736
1255.214111
1275.410480
1292.221282
1267.948479
1270.549408
1274.804842
1270.844195
1292.862253
1291.580650
1280.521815
1297.452372
1292.628083
1287.362091
1292.866592
1276.564888
1281.042008
1286.787212
1284.268313
1296.517829
1294.300876
1294.376360
1288.322519
1292.864473
1309.487490
1289.147632
1283.251260
1280.408873
1292.335534
1285.236244
1269.769802
1279.548515
1277.938402
1285.909154
1296.079038
1270.487296
1281.342010
1273.956218
1289.012240
1272.495879
1285.103897
1270.097102
1279.933408
1272.807876
1286.649085
1264.645263
1285.587156
1277.123861
1276.969488
1276.191066
1268.154370
1289.348352
1287.736234
1285.870184
1270.077839
1268.019268
1272.406968
1283.874165
1292.862383
1282.159442
1291.614798
1288.612316
1286.668439
1291.727035
1279.617404
1285.919322
1286.314116
1278.285314
1274.026937
1299.313544
1276.380279
1277.574558
1268.010385
1274.921245
1270.854081
1283.975908
1277.099708
1284.317952
1271.110333
1280.092048
1277.275799
1288.850844
1276.833673
1280.064532
1294.263010
1282.684798
1280.525543
1284.196207
1308.895725
1290.543323
1280.827044
1286.513475
1275.203788
1268.923361
1273.741668
1290.227672
1278.147125
1293.472505
1281.312436
1283.106769
1284.979141
1296.802876
1281.771955
1292.273356
1266.455120
1296.056249
1274.673695
1282.810242
1293.808780
1297.889702
1294.035189
1290.616588
1293.357788
1289.933796
1285.448705
1267.976802
1270.795966
1286.012157
1290.007318
1283.732624
1284.441636
1285.476726
1289.098942
1272.202159
1299.595441
1302.302705
1280.423918
1269.878702
1277.641772
1281.036742
1282.318160
1265.020995
1257.341485
1291.137202
1280.562949
1285.078079
1271.963308
1284.426937
1284.279383
1291.658663
1281.510661
1293.897772
1272.105917
1275.974136
1277.590411
1281.290099
1275.681042
1279.168612
1279.327020
1254.193189
1284.930572
1279.894310
1292.351576
1291.276949
1274.237454
1293.194343
1280.328391
1277.636878
1287.171162
1278.866415
1294.784148
1280.844611
1275.763142
1287.614331
1280.764785
1273.772827
1285.640780
1267.028170
1286.661841
1290.912747
1284.332265
1299.578018
1295.950692
1269.119092
1274.881863
1282.592775
1272.319029
1285.662850
1290.399196
1285.311027
1285.363515
1297.825226
1287.464513
1283.032901
1282.039572
1274.201966
1281.650000
1259.086981
1278.962147
1299.505604
1282.608161
1278.380926
1288.953323
1279.965317
1273.793496
1275.965573
1287.920155
1280.318062
1272.888909
1283.511319
1273.448182
1269.850495
1270.727988
1285.053428
1278.400235
1282.889612
1269.097838
1285.420465
1292.311475
1271.601686
1291.721449
1283.204471
1290.700695
1277.860267
1291.732282
1280.920979
1267.592949
1293.517234
1273.368954
1279.516871
1277.281824
1260.154775
1266.600757
1258.605041
1282.378289
1289.509980
1282.005599
1269.488557
1282.633030
1285.887283
1285.692693
1291.653039
1301.227038
1281.987915
1286.954217
1264.147457
1276.963427
1234.875262
1276.722459
1271.272677
1285.029352
1279.034249
1260.000160
1276.087153
1295.825641
1267.741934
1289.274625
1280.614848
1287.110040
1283.973733
1289.595379
1282.583903
1285.562084
1271.295408
1274.176013
1287.409839
1265.706567
1287.576959
1283.051218
1291.767941
1284.754507
1292.285865
1281.662382
1268.758532
1287.505902
1268.228665
1271.325453
1263.335718
1280.034597
1271.717556
1261.910343
1294.781193
1287.239187
1289.696833
1279.491506
1294.857904
1273.445747
1291.415054
1289.781788
1280.669023
1295.629369
1258.098927
1273.655397
1275.475239
1300.321663
1283.599265
1277.217083
1277.144934
1293.669266
1284.333678
1283.447227
1284.985701
1275.596344
1287.454882
1291.445146
1295.956710
1285.142053
1289.455269
1268.468425
1289.276584
1289.691773
1254.696640
1272.159588
1272.070769
1284.223764
1288.050067
1286.649634
1277.614286
1281.289204
1282.270832
1291.563928
1270.557704
1295.392116
1280.722455
1279.020921
1293.524133
1277.057920
1280.784604
1273.762494
1280.259184
1300.092720
1290.690389
1271.465252
1281.324990
1287.813104
1291.304964
1299.554916
1282.771665
1294.724076
1284.203756
1283.485160
1284.259838
1286.631121
1266.432206
1272.013178
1287.777839
1269.344237
1269.685677
1286.139624
1296.017667
1268.796071
1289.857279
1283.208114
1274.099055
1281.766534
1284.280432
1289.810739
1283.957316
1257.472504
1277.721995
1293.846157
1276.854840
1279.254264
1291.305254
1287.091856
1300.516467
1295.681854
1275.529230
1279.003579
1277.472168
1270.678235
1284.061493
1276.271234
1279.501662
1292.579453
1279.795100
1265.847417
1285.743666
1286.613290
1281.403222
1257.804290
1293.858150
1284.912081
1285.158339
1294.412899
1286.477939
1301.135848
1288.086543
1287.025597
1278.782941
1291.705001
1279.559903
1279.262858
1290.741513
1293.208468
1270.346343
1271.683033
1260.630974
1290.573595
1284.935652
1267.941837
1291.412883
1291.408376
1282.385283
1296.327483
1288.382335
1280.868472
1288.402658
1288.784545
1275.692845
1306.859397
1281.464285
1283.594153
1273.902922
1275.053374
1283.658668
1291.694297
1275.326538
1283.109604
1285.163561
1275.384239
1270.679654
1290.349174
1291.350327
1279.237918
1274.502173
1286.943484
1285.291426
1283.857331
1287.136341
1273.321503
1292.164904
1312.785035
1306.642654
1289.436084
1273.278187
1279.535759
1266.975799
1281.292403
1277.655816
1278.234431
1271.724207
1276.307901
1267.841893
1282.273440
1278.274980
1294.082101
1282.063286
1281.985688
1280.625934
1268.503477
1281.946462
1288.841845
1272.721440
1287.659270
1291.190136
1274.662734
1280.116964
1272.340529
1264.277382
1286.765704
1272.489406
1281.975453
1296.238802
1292.070192
1282.506111
1269.200752
1265.034724
1258.763746
1297.827638
1271.717712
1305.732624
1301.767341
1281.770424
1279.156993
1283.679162
1301.972801
1278.797641
1299.797895
1291.274091
1281.362613
1290.763931
1270.180221
1274.670982
1279.262224
1288.766273
1273.939586
1287.836127
1288.017407
1291.522082
1277.767694
1273.817292
1276.523747
1292.329525
1291.653362
1282.723424
1280.910383
1302.502295
1292.960401
1278.403553
1282.217775
1285.791635
1273.066916
1269.214692
1259.488998
1255.786321
1269.309491
1264.971168
1283.470856
1282.712485
1290.537387
1284.049061
1292.373261
1295.367933
1309.755431
1316.361945
1289.627526
1285.392336
1270.620705
1294.567510
1278.657211
1291.408101
1299.838755
1296.573798
1274.136607
1264.164908
1277.629011
1287.424785
1263.157905
1280.919852
1272.478438
1264.419330
1280.047092
1277.024485
1279.886003
1273.243115
1279.796576
1279.348943
1281.112232
1290.281291
1290.422200
1275.053088
1289.126382
1260.336192
1264.117968
1270.339821
1283.469931
1291.114201
1290.379385
1287.166797
1288.830837
1309.776237
1305.873895
1304.045104
1301.102278
1274.226549
1288.825921
1290.878171
1295.795391
1283.413640
1291.202305
1282.859550
1298.502737
1288.735261
1276.266348
1268.365636
1283.663369
1267.530624
1262.705412
1296.324958
1281.102861
1285.263608
1273.341396
1292.085875
1276.729262
1264.162343
1267.039892
1292.133210
1284.004939
1272.516518
1292.513575
1274.325640
1293.550458
1256.926963
1286.293537
1280.696369
1301.187842
1277.256835
1276.864051
1282.241773
1291.893759
1287.685845
1272.371116
1284.519430
1266.213555
1284.876620
1253.942679
1276.807063
1271.393693
1277.158825
1279.366253
1289.251053
1283.325815
1296.849177
1310.077488
1315.961601
1301.269681
1314.388649
1294.650270
1262.923170
1279.238890
1293.093428
1287.007342
1284.911709
1264.518579
1268.465798
1268.383864
1270.922886
1274.948555
1278.812856
1293.935890
1289.640745
1278.664713
1271.415885
1284.043620
1282.202358
1283.620298
1284.450245
1267.518410
1257.425266
1274.394113
1287.069725
1270.770830
1290.394182
1274.031957
1273.963878
1302.281947
1307.008549
1307.189960
1300.040035
1272.374869
1279.182227
1272.248089
1293.647744
1292.797794
1294.773572
1285.956136
1302.670183
1291.403198
1287.146614
1286.210756
1285.221487
1273.302294
1282.184686
1293.049402
1288.909578
1288.691530
1265.341054
1248.740302
1286.671845
1290.207959
1266.164691
1291.247355
1285.832045
1283.595139
1294.535200
1283.976282
1300.221974
1261.814271
1280.188468
1284.686041
1286.868844
1299.691918
1274.309287
1268.448746
1300.623550
1281.947186
1277.255514
1277.581517
1274.766670
1273.694588
1306.301690
1269.984253
1283.347825
1277.258240
1272.656071
1278.158465
1281.696955
1280.399757
1293.160815
1302.489635
1260.161826
1279.003567
1284.547370
1252.687053
1283.104174
1277.996201
1272.392567
1283.630715
1279.000212
1290.112553
1291.433547
1285.389566
1285.063312
1290.580756
1280.521804
1280.557825
1275.496364
1273.410791
1281.485776
1289.953159
1292.813783
1278.237560
1291.618393
1272.842338
1285.376535
1276.732899
1259.990096
1277.447311
1280.996536
1282.208619
1284.248524
1284.770914
1271.676707
1281.677661
1284.232806
1295.816979
1289.956109
1291.874775
1282.863387
1274.880885
1285.676181
1287.269114
1298.162559
1296.646958
1281.636296
1288.320774
1293.144188
1271.138115
1282.440493
1273.541598
1265.781947
1273.615684
1288.472426
1273.658150
1285.755765
1273.677091
1279.559525
1285.416609
1264.002914
1269.160753
1263.309363
1273.786142
1277.302649
1295.669113
1288.831177
1280.535862
1284.113237
1240.069178
1283.583594
1272.146306
1300.066516
1291.396259
1259.887249
1293.400000
1272.298078
1297.998817
1300.694045
1289.691126
1283.173887
1291.865921
1287.896663
1283.496218
1275.784612
1290.801451
1278.866688
1271.873215
1269.756910
1292.115445
1282.350627
1299.565132
1276.662149
1290.781557
1291.406519
1286.545267
1284.597241
1291.001624
1282.725264
1281.777326
1287.435938
1287.510105
1278.410189
1283.222859
1282.910073
1272.957165
1251.943963
1269.824169
1290.096319
1282.677705
1292.184558
1287.848846
1283.729380
1280.889163
1279.875466
1269.458928
1272.815228
1280.573205
1282.599640
1277.947449
1292.110872
1296.528956
1299.309875
1295.183658
1274.143795
1313.063108
1267.767789
1284.358484
1274.988070
1280.657483
1287.829634
1268.266636
1271.486305
1288.844484
1279.621635
1264.456397
1298.779704
1277.233494
1266.829407
1267.166961
1270.937809
1284.217160
1283.983028
1297.581199
1283.793662
1290.511281
1291.749512
1278.362990
1268.570654
1292.193078
1285.301224
1270.606959
1242.935166
1269.665978
1284.054249
1263.687339
1246.873021
1286.673652
1281.811525
1276.046582
1290.520103
1279.182714
1283.056903
1276.605273
1276.861970
1286.048545
1274.733675
1276.488047
1292.606999
1287.067597
1288.874627
1285.446520
1284.850504
1284.845310
1280.716438
1294.932639
1276.991487
1283.699552
1293.738962
1270.348895
1269.337248
1272.662495
1271.380694
1281.642469
1286.003236
1288.816206
1256.086668
1258.936765
1279.431163
1282.920552
1281.649017
1270.485226
1285.023629
1270.361578
1260.563240
1264.499412
1283.908938
1278.585616
1286.777118
1277.329969
1289.003769
1269.512476
1283.848565
1279.920478
1307.074947
1289.398081
1265.657826
1288.697518
1280.529313
1274.260498
1288.022403
1270.775381
1278.737304
1294.074275
1280.706386
1262.020377
1273.808075
1285.365671
1272.124736
1274.917337
1265.713173
1269.983547
1295.832885
1288.741840
1295.407600
1296.307020
1277.754828
1289.082624
1281.843606
1269.657954
1314.704439
1323.569577
1305.851195
1275.717645
1264.079078
1277.916688
1266.266786
1283.171643
1280.171848
1294.242100
1284.568182
1290.625635
1295.190554
1294.099885
1277.866723
1297.732487
1278.313840
1270.820168
1267.359353
1287.275997
1290.617755
1280.612800
1275.742625
1266.037029
1274.158672
1283.485929
1272.852736
1289.506960
1269.407526
1280.924203
1290.265450
1282.823337
1295.770009
1288.576022
1278.729134
1290.684016
1274.875708
1285.999254
1283.403910
1294.693785
1290.713234
1277.552386
1278.224478
1286.064257
1279.552006
1287.920014
1262.040437
1265.050949
1302.138691
1284.097397
1285.072340
1284.490802
1269.930030
1289.781505
1272.130645
1269.062382
1289.194790
1290.775297
1283.637110
1286.920277
1271.294867
1286.652485
1271.969554
1300.199071
1280.746706
1286.370226
1274.075540
1285.979568
1272.656684
1270.548713
1256.611908
1275.927459
1256.549365
1274.565615
1293.071263
1291.929295
1269.509780
1284.154989
1290.554874
1313.113706
1293.786292
1285.317497
1282.776544
1275.772702
1259.743968
1282.596668
1293.363898
1285.839241
1260.001120
1268.099498
1267.980364
1296.267226
1281.152639
1287.062279
1289.468855
1286.003328
1258.683241
1274.182279
1249.003308
1257.791922
1279.901425
1271.156916
1281.382944
1292.416181
1281.302228
1296.600805
1277.844700
1272.003204
1301.567252
1286.881948
1276.064112
1299.341600
1263.318162
1291.212579
1280.068043
1270.555604
1277.059058
1290.920707
1277.546255
1284.242476
1267.144713
1277.770843
1294.314157
1286.986388
1281.744226
1269.724065
1276.386499
1285.060023
1297.102482
1283.631744
1286.305792
1295.099866
1285.604479
1276.808051
1263.654157
1291.585604
1285.934699
1286.150193
1274.193034
1273.555345
1267.969713
1289.707316
1294.028559
1280.856357
1266.391059
1288.591649
1283.953254
1285.126161
1274.837203
1273.512025
1262.966865
1282.413353
1264.830240
1266.715428
1274.466409
1280.956603
1282.881737
1264.917344
1266.427386
1281.709458
1280.470636
1267.489918
1285.598690
1279.111626
1277.385114
1286.552649
1276.511461
1293.246831
1297.231493
1281.077273
1276.529268
1285.807867
1282.190022
1262.270540
1266.209234
1273.850884
1285.535764
1273.390398
1283.883846
1278.508360
1266.249554
1293.227523
1290.531685
1289.221608
1262.456425
1266.802146
1304.912316
1287.200037
1285.635928
1262.324061
1298.172578
1293.804132
1287.283161
1280.096708
1270.322603
1270.061780
1272.494297
1280.117558
1276.893653
1272.414486
1286.335496
1267.699188
1270.698668
1280.972073
1275.163525
1283.000071
1284.129144
1281.958859
1287.785311
1282.512612
1275.644776
1280.511053
1272.738264
1286.482365
1286.555917
1277.365819
1282.634220
1274.945452
1278.881687
1287.657520
1257.542053
1288.837490
1287.085847
1279.968473
1291.915915
1271.221490
1295.464557
1284.858152
1291.488806
1291.568283
1291.314686
1298.922087
1285.972063
1291.325410
1284.962664
1282.211968
1286.950971
1294.154764
1292.714321
1288.575550
1275.964247
1271.755018
1296.793278
1279.449450
1294.143103
1295.175758
1282.497178
1283.242023
1299.017491
1285.571896
1283.162799
1277.019994
1277.083263
1277.915732
1281.928044
1287.745612
1273.738128
1270.450695
1246.052767
1288.217391
1285.225172
1272.121444
1269.678213
1297.086219
1288.039054
1277.841652
1275.786968
1278.937117
1283.574942
1288.731104
1286.064733
1258.558121
1272.274674
1275.949562
1266.980434
1270.995337
1307.002969
1283.530156
1273.793299
1292.792629
1289.572429
1278.813708
1273.507942
1289.501086
1281.398788
1286.525782
1285.523864
1284.971950
1298.095570
1287.690439
1272.458552
1284.005307
1285.502463
1279.951877
1297.320228
1271.477645
1271.448120
1254.706205
1273.231876
1284.034633
1278.742606
1269.472250
1284.958392
1282.470474
1269.753220
1293.066645
1310.607389
1286.253720
1291.971591
1280.642835
1288.123598
1273.384410
1293.444671
1282.597408
1272.602716
1296.807490
1297.449599
1279.938642
1292.884216
1265.736341
1292.048960
1289.541791
1267.194428
1270.553315
1278.382622
1288.717510
1296.125437
1284.225452
1270.402848
1281.531536
1275.860744
1267.289688
1277.753990
1282.303918
1284.461110
1285.355938
1273.432714
1282.760897
1295.269430
1287.537615
1289.758192
1284.591288
1277.315409
1282.841307
1304.240881
1259.730745
1287.663485
1274.129434
1283.317686
1264.067985
1273.336320
1283.146284
1268.280002
1284.455299
1281.244235
1290.694278
1273.185776
1289.433433
1276.954554
1292.983258
1276.591237
1282.585402
1286.550074
1286.414881
1291.124997
1257.993729
1261.177029
1268.846471
1284.207499
1288.731708
1278.844843
1263.186608
1285.716897
1293.938782
1273.938360
1272.968863
1297.234402
1261.860008
1280.448911
1276.835708
1274.200713
1285.502507
1274.680390
1279.666848
1286.081282
1282.842006
1282.179063
1279.842769
1285.952380
1267.311241
1266.357544
1277.640747
1269.659128
1285.449237
1278.191886
1289.376688
1282.666682
1292.478963
1277.198031
1285.615485
1287.461575
1290.534773
1283.412552
1281.864094
1285.597008
1289.374664
1270.992779
1287.474625
1299.275207
1270.579672
1287.779955
1292.119696
1269.154348
1293.171204
1269.559116
1292.990813
1274.137748
1278.763613
1294.796431
1292.846099
1268.284252
1308.257018
1296.650545
1282.235731
1286.347144
1270.688949
1287.843194
1278.779202
1280.222409
1270.390394
1294.187019
1292.125283
1282.234505
1293.891239
1282.450747
1273.978504
1276.229276
1281.169626
1282.725996
1278.774763
1264.316426
1286.038999
1294.946516
1287.828878
1300.769214
1291.321575
1296.981888
1296.847285
1281.401129
1306.489262
1260.440500
