1279.413468
1288.569266
1300.281902
1282.469552
1272.464221
1266.992962
1262.749304
1256.314683
1263.212424
1261.945939
1278.475964
1280.474068
1293.621483
1296.289518
1288.204295
1264.006459
1294.988209
1276.270802
1280.860557
1290.571241
1279.602807
1288.365971
1286.840521
1272.443219
1274.555586
1288.025749
1267.223176
1282.204648
1294.937169
1283.840700
1292.967032
1287.706015
1283.384237
1268.448669
1294.173530
1287.207225
1292.588379
1256.314742
1272.245434
1278.029910
1255.062331
1300.001249
1282.433303
1279.233952
1293.382577
1297.838018
1291.431661
1284.466920
1291.446437
1285.019128
1287.346627
1243.660710
1293.236291
1287.869164
1236.716689
1257.920394
1286.302826
1273.135277
1294.970469
1289.705942
1288.897810
1285.431265
1281.266362
1281.944596
1271.134886
1275.081711
1269.599494
1306.246525
1284.933164
1288.668259
1283.804139
1301.158167
1279.578700
1285.384649
1291.239289
1290.028007
1286.709509
1272.982211
1278.488448
1254.272350
1253.704371
1265.189574
1281.320024
1292.115607
1273.341967
1284.551270
1311.280201
1307.018490
1285.939613
1287.305877
1283.648334
1283.511658
1268.573307
1258.612203
1294.613515
1272.548755
1275.032992
1269.575703
1271.714288
1284.951495
1288.400906
1289.779714
1268.311027
1285.032328
1278.442974
1275.472499
1241.919249
1265.482876
1275.396800
1286.552249
1280.736754
1290.481307
1279.785049
1302.104804
1288.234035
1287.826770
1279.520887
1281.941703
1267.412401
1285.449023
1293.841021
1282.737764
1297.455554
1270.087749
1266.931310
1265.027197
1280.196968
1276.089139
1268.490313
1280.164667
1282.666189
1289.701767
1291.399834
1286.349824
1256.036963
1270.674457
1274.585374
1270.843483
1280.123547
1275.375130
1294.641324
1281.767644
1286.809985
1286.798688
1287.192308
1304.038792
1280.742887
1278.981178
1296.184442
1271.940220
1295.294591
1271.896707
1276.970384
1290.441699
1284.859677
1283.513381
1280.297116
1287.039800
1289.719231
1295.816751
1288.114303
1285.563390
1307.528876
1280.966029
1285.366866
1286.250817
1295.629700
1279.858166
1282.580343
1269.385944
1294.739727
1287.317158
1275.301619
1282.016414
1276.331132
1278.299061
1279.955991
1287.177308
1270.312477
1278.042329
1298.329187
1293.534510
1286.862686
1287.333386
1300.928836
1276.401218
1291.081457
1289.618235
1282.531110
1283.963570
1282.815454
1283.603258
1283.828145
1288.478724
1281.406027
1276.050595
1284.739167
1274.817558
1281.014743
1283.661828
1269.886970
1286.626510
1281.905576
1283.742840
1280.455122
1294.654102
1265.698336
1301.557984
1285.962463
1271.683697
1262.310378
1261.803896
1284.245273
1278.033409
1290.971529
1294.651859
1269.550111
1285.160762
1272.106936
1274.860631
1263.532322
1267.158459
1267.652111
1288.305709
1277.171849
1294.857676
1274.240293
1281.875933
1281.205441
1288.580764
1272.965536
1257.188374
1291.197406
1270.509380
1287.663328
1291.863524
1273.266556
1290.881496
1281.676433
1273.311821
1284.301900
1276.322747
1266.847548
1277.787491
1285.889325
1285.541944
1276.845180
1297.836774
1276.425302
1270.047075
1272.944763
1276.916301
1281.240857
1292.079774
1282.891355
1290.857968
1281.955889
1264.971931
1271.712237
1294.295016
1263.340628
1277.134782
1270.914679
1258.999405
1276.639702
1267.888814
1293.179231
1295.588400
1280.301683
1266.513847
1273.837742
1275.828067
1298.708372
1284.250291
1289.401603
1279.422795
1301.016128
1299.402660
1294.722282
1281.542963
1280.481007
1278.625302
1258.365533
1279.458446
1289.594367
1278.740952
1285.632370
1287.057150
1277.389605
1270.833763
1270.809203
1270.198173
1286.235440
1274.859034
1266.459720
1276.099491
1273.218480
1278.370458
1299.998648
1269.559344
1275.902835
1277.040858
1281.772125
1299.532923
1294.815700
1268.438840
1286.793633
1278.425165
1279.607618
1272.752565
1284.396192
1280.552218
1286.725038
1294.480653
1286.706224
1264.723411
1271.109956
1282.465613
1271.966009
1268.421296
1283.499204
1271.730963
1288.339949
1300.205583
1281.076634
1271.210264
1285.437487
1274.115232
1272.007007
1296.463433
1293.035365
1283.952471
1276.941196
1281.092487
1283.411292
1291.853739
1272.964518
1274.684843
1284.161942
1282.492774
1281.409359
1285.118155
1275.914707
1287.574374
1289.942802
1288.962648
1270.512322
1283.039363
1273.256665
1267.645930
1262.738080
1287.571514
1267.229522
1290.167779
1300.494159
1255.106240
1293.660010
1285.611427
1275.327109
1287.903115
1293.927352
1299.736561
1281.686701
1283.901181
1288.576573
1280.951092
1283.739978
1295.248762
1297.259974
1288.100066
1292.570393
1286.605108
1288.909398
1277.374449
1281.695865
1275.707158
1262.200486
1293.727908
1285.596147
1273.629734
1281.738267
1282.705868
1298.723668
1241.830130
1289.849992
1290.096952
1281.500468
1287.629239
1284.286785
1278.657886
1274.754208
1261.851426
1280.876100
1287.967584
1274.930285
1278.993851
1269.206505
1288.005555
1265.591239
1277.886552
1281.869949
1287.162123
1257.263153
1286.735142
1291.929421
1303.185423
1277.998343
1275.189810
1279.853808
1278.896280
1290.430293
1292.256792
1279.460004
1282.873187
1282.284643
1291.027156
1290.404606
1278.623215
1285.019326
1281.281125
1290.585068
1283.246902
1274.841118
1301.832123
1284.980246
1263.687032
1275.115246
1285.921313
1273.730890
1240.250732
1282.673263
1263.421479
1282.353650
1274.991670
1291.377185
1284.914145
1277.122226
1262.560329
1277.065980
1296.331082
1298.727661
1273.767671
1271.100903
1265.229013
1269.880521
1261.504300
1293.854477
1274.523079
1279.393251
1269.861556
1293.529525
1285.625943
1281.856121
1282.350593
1269.825941
1290.524710
1278.332592
1285.904956
1270.093560
1278.607379
1269.332579
1273.211807
1291.172499
1248.706937
1280.722923
1289.959574
1286.926906
1286.310770
1287.404679
1304.215361
1311.389561
1277.457169
1289.332084
1284.720083
1286.900847
1266.500145
1268.678952
1285.098197
1270.830400
1301.324652
1275.599136
1283.330143
1276.807267
1291.103940
1278.588956
1270.004676
1269.268473
1285.020189
1284.630715
1266.175310
1267.644663
1262.805951
1287.545709
1281.582644
1274.852975
1285.104803
1278.165715
1274.541435
1286.314220
1291.741072
1293.578614
1289.253776
1259.748278
1271.942263
1302.427736
1316.287572
1279.335054
1314.211687
1300.021978
1260.701943
1259.098238
1273.319630
1285.776228
1289.758263
1269.202975
1274.147422
1275.935199
1291.512286
1285.077999
1282.234235
1276.595695
1296.895892
1273.650793
1280.369340
1267.031686
1276.686492
1275.491076
1273.646300
1274.899109
1280.110019
1272.974255
1296.122840
1288.479686
1281.759769
1274.293927
1274.186725
1273.002392
1292.969407
1293.576086
1273.754604
1276.652721
1261.676000
1269.834417
1277.701997
1291.940410
1280.692877
1268.433820
1285.517073
1299.521930
1279.512609
1280.054485
1287.430191
1269.151406
1293.919278
1281.078365
1279.093099
1291.766848
1282.996959
1277.279886
1268.725249
1248.017354
1274.544193
1282.905573
1275.279922
1281.294773
1291.443252
1295.628247
1282.473163
1273.797746
1277.637371
1275.903506
1282.983173
1281.330790
1286.962209
1264.825362
1282.448219
1273.974036
1293.723073
1275.627242
1296.700652
1298.767865
1285.370393
1287.295730
1274.989934
1279.144187
1261.422826
1273.625513
1274.862641
1275.788792
1271.660050
1287.946035
1286.682432
1286.080792
1287.874992
1272.410738
1282.964963
1282.393739
1282.645991
1266.271507
1298.014048
1305.388711
1281.279038
1284.148204
1277.009015
1278.810389
1278.153669
1278.981204
1285.753291
1289.725296
1296.486283
1277.103361
1282.607585
1274.180500
1287.239311
1262.454455
1292.134452
1271.380562
1275.511011
1278.412786
1292.790118
1268.873351
1282.988157
1275.207770
1289.944817
1287.765208
1289.200840
1295.691750
1279.590922
1286.801266
1298.405440
1284.126730
1280.430792
1284.812868
1276.095372
1265.591763
1277.044596
1290.333743
1273.292261
1264.353938
1293.126026
1281.728990
1278.295300
1285.244521
1277.905699
1283.950098
1276.917037
1284.481609
1292.821077
1271.542157
1281.190357
1273.771160
1278.424296
1287.401432
1272.638307
1288.629372
1275.424764
1282.976460
1259.643661
1292.612371
1280.643424
1272.657245
1289.733910
1285.716731
1285.911104
1254.032524
1293.112243
1287.803328
1289.407796
1300.002652
1280.231410
1280.292550
1291.352199
1274.690154
1279.325254
1276.445453
1276.996396
1267.898855
1291.927672
1287.552684
1288.345822
1275.321472
1279.111034
1279.731757
1287.759061
1279.304149
1266.259812
1274.144464
1297.065050
1277.466493
1274.709833
1274.685654
1269.080263
1290.041804
1290.654386
1288.776162
1285.941397
1284.976234
1286.826171
1280.684396
1266.314947
1296.751493
1262.899310
1291.775476
1280.890952
1286.529733
1273.855212
1288.780042
1284.020778
1296.456613
1306.285384
1289.020157
1286.484602
1287.055984
1272.339738
1282.827761
1294.173092
1282.554110
1274.894007
1291.403727
1277.686175
1282.526267
1281.886494
1282.008787
1286.685829
1294.253252
1274.997828
1276.162708
1286.588399
1274.724300
1297.935342
1285.680654
1282.583942
1284.709050
1284.739687
1282.106253
1283.339555
1286.131835
1282.627149
1270.116037
1269.077437
1266.485919
1269.096839
1272.887352
1272.597638
1277.232825
1296.887725
1309.718152
1301.371866
1254.877775
1269.091662
1285.262096
1284.598973
1293.611024
1278.874700
1278.017589
1285.926441
1279.581609
1293.663528
1302.449639
1296.551960
1292.599832
1272.653448
1287.472663
1270.631791
1289.606211
1284.607053
1264.204820
1275.431016
1271.815123
1268.306654
1276.349980
1279.325236
1286.209869
1298.377216
1293.511569
1277.562201
1283.924197
1265.039852
1267.588480
1292.623468
1275.864106
1267.470456
1302.621277
1287.558571
1269.745833
1260.772737
1265.555702
1297.989472
1287.223778
1291.827662
1289.462031
1263.108333
1279.711063
1282.008472
1278.371216
1279.092102
1267.494344
1269.966653
1266.459743
1256.684478
1288.595600
1293.439775
1276.661705
1273.488622
1274.590302
1266.719490
1282.909983
1300.044850
1281.111377
1283.768107
1295.787424
1279.719123
1297.811343
1266.523915
1289.517957
1280.468264
1275.808042
1267.039039
1275.539497
1283.359490
1283.157260
1284.797374
1289.863080
1271.351817
1262.169277
1259.359105
1288.799503
1274.074593
1287.580102
1286.969366
1296.168037
1282.709276
1289.766315
1291.640786
1272.662777
1268.561178
1282.105183
1274.713564
1265.285420
1286.175506
1260.176387
1266.962335
1270.392705
1268.080904
1293.824903
1286.805833
1280.894030
1286.265179
1285.890829
1291.527455
1272.347153
1290.797532
1279.155993
1264.882891
1293.909144
1272.280986
1274.197339
1280.807524
1259.861824
1290.697607
1293.184908
1299.526380
1281.766413
1284.024378
1284.551551
1291.263806
1286.980058
1280.559996
1265.930459
1271.064399
1288.385337
1293.584187
1293.278725
1256.564101
1279.656399
1282.152142
1292.130649
1291.910513
1269.350556
1269.421414
1254.484946
1281.761093
1281.857012
1283.104980
1280.160622
1281.842877
1273.797740
1266.063836
1270.502694
1270.535891
1289.304924
1286.991903
1282.978471
1281.859223
1272.161828
1293.968426
1282.009512
1294.103122
1292.044651
1282.900849
1268.008327
1294.208720
1295.116302
1280.445198
1282.364328
1262.612064
1295.049868
1279.296204
1287.735389
1290.353703
1293.047466
1281.070171
1288.366839
1273.729292
1282.061663
1283.333493
1274.339861
1274.164569
1277.453635
1278.292420
1280.275939
1280.412898
1293.037583
1287.897639
1285.743094
1276.031944
1289.869652
1270.514901
1292.856619
1269.467962
1281.010877
1279.599114
1266.355697
1280.326961
1263.621110
1275.059199
1285.697026
1282.044531
1281.123362
1276.624076
1285.915487
1264.902614
1287.356069
1278.415274
1280.722277
1293.452223
1272.418767
1259.460318
1287.271708
1299.718519
1279.786645
1285.169142
1281.547634
1280.380296
1295.588005
1265.109690
1278.506668
1298.904508
1270.685782
1287.219217
1283.955391
1275.668335
1280.547816
1281.181231
1283.280196
1279.713290
1289.055174
1271.151507
1280.122579
1297.890647
1283.663875
1277.096145
1275.338694
1273.461899
1279.222855
1283.755992
1288.150028
1287.373206
1289.344308
1281.337342
1282.434541
1272.145348
1284.899996
1260.766569
1283.040477
1279.043664
1263.355925
1268.969760
1286.883740
1290.251909
1296.440091
1275.061356
1289.983156
1287.893542
1269.367134
1281.266781
1278.737596
1279.280733
1254.942223
1293.303369
1283.095701
1278.429343
1291.696021
1293.017666
1272.741803
1280.914422
1278.563220
1279.571384
1293.747152
1284.803094
1273.535637
1257.414316
1283.752959
1268.766717
1298.405835
1284.113808
1289.293579
1277.703419
1283.156441
1286.781877
1289.991964
1297.291442
1278.658873
1269.189122
1272.837563
1290.787632
1263.959043
1285.521905
1298.786909
1287.747917
1287.450728
1274.612862
1280.476364
1280.580405
1287.496712
1291.465195
1301.756433
1274.979412
1262.989548
1293.372060
1278.444644
1293.680040
1282.748706
1294.884346
1296.834831
1286.965436
1281.078597
1293.829246
1291.861004
1274.202291
1290.895636
1286.338164
1282.790811
1265.542436
1283.534033
1284.841400
1271.558825
1274.719921
1272.283233
1267.660054
1284.327130
1287.592222
1292.294236
1286.489256
1273.315874
1287.653723
1271.235700
1276.250692
1280.354573
1286.476492
1290.856829
1285.688351
1275.502215
1285.256406
1283.057980
1280.388799
1277.578787
1282.338101
1286.762324
1296.841486
1279.560269
1293.921485
1278.858866
1266.969472
1287.798696
1296.004457
1274.229007
1283.063234
1286.655544
1285.743627
1294.352431
1266.607465
1292.107120
1267.935750
1267.134832
1247.113551
1272.724746
1299.376862
1303.512064
1281.914768
1274.646695
1284.676096
1281.649840
1287.179978
1289.104957
1277.630317
1286.276817
1281.817816
1287.766842
1281.859051
1289.601218
1272.543992
1294.204904
1278.698642
1272.120704
1278.552913
1275.561116
1284.857494
1290.725703
1299.031564
1289.849179
1281.626295
1278.370768
1270.775115
1293.387480
1290.482452
1290.431345
1280.142834
1253.555541
1298.144574
1285.024991
1295.622028
1273.414935
1278.731741
1270.621503
1278.481010
1285.065035
1289.930292
1268.404694
1278.810987
1275.530887
1298.747945
1281.819958
1266.836044
1290.779156
1282.265985
1266.839383
1265.581661
1271.078290
1284.522935
1283.489660
1279.453198
1294.547012
1289.135435
1285.676087
1284.779632
1290.674346
1293.445836
1285.665763
1266.381424
1266.712043
1270.330735
1279.007088
1275.844513
1284.652061
1284.225902
1281.403230
1272.796147
1273.831669
1285.315312
1282.591218
1295.169939
1277.857615
1274.462184
1280.094331
1269.075070
1288.593975
1279.337040
1283.682113
1266.781397
1287.695717
1277.720568
1280.894239
1272.385366
1268.652108
1267.686525
1266.839379
1276.576109
1286.964865
1286.650865
1282.540752
1277.673400
1291.753354
1275.132931
1261.721076
1282.099071
1289.738326
1275.890415
1284.467897
1267.758147
1296.732369
1265.847186
1296.596129
1290.968422
1292.381139
1284.729209
1288.106749
1268.400246
1278.401055
1282.392510
1271.448130
1272.892858
1271.598335
1266.514004
1282.897998
1284.620318
1294.535103
1292.909059
1281.051900
1266.457245
1290.425479
1265.585547
1282.713128
1277.466965
1277.691451
1293.894740
1285.066083
1280.253239
1282.204211
1287.127087
1254.029876
1253.593226
1280.885979
1292.222780
1286.716524
1276.138669
1283.256237
1278.224078
1278.263465
1296.038880
1294.001888
1288.070129
1287.114704
1285.803665
1284.252241
1283.174452
1289.910115
1283.790116
1283.912046
1279.489654
1284.290281
1284.094629
1289.829540
1278.677420
1267.215287
1291.808451
1294.196427
1289.647470
1279.726574
1275.496307
1265.773300
1264.595057
1283.399696
1290.884092
1292.600324
1263.093181
1280.446662
1277.502722
1283.079865
1288.590571
1281.325290
1291.723327
1288.294645
1298.520292
1279.595637
1276.715389
1272.829771
1286.568819
1272.908729
1276.564971
1290.495549
1262.459298
1285.749970
1290.791561
1295.995078
1266.653539
1283.869353
1275.377135
1276.618804
1274.121903
1269.331865
1268.614562
1280.730203
1287.118693
1280.043339
1298.570408
1293.495912
1260.589127
1289.088494
1289.418991
1274.772913
1291.177282
1278.876272
1290.642192
1298.230104
1281.691070
1279.388897
1283.292900
1284.143109
1283.558837
1285.356535
1281.388855
1285.152990
1298.614660
1291.494913
1284.554912
1280.425189
1270.382986
1299.266778
1282.669174
1276.099495
1292.048701
1293.442972
1293.043197
1292.267873
1301.750971
1288.009142
1280.145833
1282.320072
1278.379137
1303.000973
1286.805868
1257.430066
1299.229869
1281.154947
1287.636828
1279.561572
1286.953016
1267.493309
1263.284804
1275.751839
1288.261911
1270.688156
1279.025148
1281.236818
1274.537598
1268.311619
1277.197636
1291.109417
1292.727357
1281.606988
1285.506122
1268.264992
1276.281251
1287.578722
1286.913676
1295.061883
1289.778640
1286.648062
1276.608701
1288.022540
1290.849179
1277.956477
1268.407193
1274.492765
1273.540890
1273.264648
1285.324853
1295.193864
1269.685708
1277.014821
1280.258123
1292.147676
1276.030057
1286.387016
1294.704836
1270.797210
1284.194379
1249.229281
1288.747510
1281.100054
1285.379844
1289.461683
1255.049372
1288.734225
1283.841752
1279.714424
1276.337281
1270.042272
1278.345206
1278.775816
1291.020898
1277.907667
1278.854719
1292.711711
1278.601068
1255.786998
1273.837046
1264.354962
1243.745342
1271.488853
1259.932196
1286.819109
1263.471840
1267.148243
1273.924376
1278.854899
1267.932859
1298.357187
1281.071983
1290.451763
1280.612937
1283.447204
1289.024140
1280.128596
1259.263951
1274.757679
1268.377690
1278.879853
1285.002935
1266.852470
1289.485903
1277.765134
1290.828214
1269.557575
1281.748218
1284.007315
1264.535026
1270.476772
1297.843461
1284.513614
1291.256415
1281.907093
1265.398487
1279.953541
1276.544006
1271.751192
1263.944913
1286.336938
1270.027345
1269.225318
1239.669080
1276.323943
1285.094111
1293.613297
1283.243571
1286.530188
1303.176785
1298.692778
1288.522001
1289.044742
1286.801994
1285.952900
1283.449474
1267.367312
1276.784579
1283.716496
1278.086211
1282.879154
1268.752193
1278.387503
1284.395316
1281.681713
1293.381119
1296.958686
1285.684162
1285.687703
1286.717779
1269.977719
1291.807045
1271.952976
1278.918272
1289.560989
1283.125938
1277.799707
1273.603415
1273.421942
1284.240161
1288.175248
1279.747549
1297.147494
1272.723550
1297.246209
1299.884828
1272.600660
1291.144887
1282.565589
1265.281577
1286.459873
1286.594319
1278.713692
1285.482865
1282.265765
1282.526597
1269.827254
1286.572619
1283.676100
1300.298267
1279.683976
1276.262991
1276.208394
1282.989212
1263.057901
1272.440764
1286.233948
1281.179419
1276.457066
1287.778093
1274.031517
1272.770279
1271.418058
1274.584508
1287.323002
1274.971457
1266.238861
1269.701288
1279.690544
1286.787491
1281.602892
1275.666052
1259.246840
1271.917483
1283.046971
1291.512678
1304.175307
1276.177084
1272.959018
1277.619318
1269.933969
1267.723444
1275.677194
1285.302594
1281.791463
1283.271952
1282.328532
1296.346231
1298.050450
1267.250690
1267.467392
1268.660027
1288.884733
1281.064849
1284.910550
1285.925956
1275.424350
1284.337340
1279.234154
1280.560995
1284.760180
1300.819701
1264.715275
1290.822115
1283.662159
1296.641493
1287.998392
1311.241763
1270.091348
1278.309248
1272.483498
1285.920535
1294.276406
1288.537043
1279.287842
1278.555764
1279.650049
1290.945761
1280.680899
1283.703070
1273.608920
1265.958737
1284.461774
1297.260980
1276.157805
1280.585093
1290.165218
1285.058672
1287.100946
1283.331531
1260.288170
1288.420068
1282.056529
1271.155947
1293.079488
1275.035138
1283.958796
1272.558976
1278.826078
1274.120276
1292.574125
1270.807682
1282.329747
1277.652217
1290.840147
1291.908755
1275.876639
1276.086637
1274.259282
1280.750053
1279.359047
1279.002277
1273.263967
1286.685148
1267.604967
1268.844351
1290.302193
1284.314785
1262.829175
1265.949163
1280.516015
1285.604511
1270.285504
1284.256134
1277.726238
1264.882663
1272.145521
1291.199116
1267.691377
1290.832885
1278.052634
1280.628569
1286.956915
1280.405934
1248.400461
1283.770905
1284.952580
1277.826975
1263.510979
1260.937877
1271.241121
1261.062767
1264.366301
1292.553292
1281.685768
1279.252355
1261.299679
1294.709018
1273.364066
1286.520486
1280.569071
1282.518382
1295.444589
1270.937476
1283.275225
1298.513629
1293.990095
1283.259714
1309.424938
1285.506964
1273.756925
1266.753455
1254.112454
1264.462720
1292.742242
1288.469358
1292.813506
1279.516370
1265.607957
1256.574434
1283.845193
1298.119656
1281.569799
1283.259565
1271.561592
1274.442244
1259.665708
1285.316507
1233.462991
1279.383370
1282.068894
1265.123531
1277.830125
1275.629865
1313.547689
1284.418077
1271.842236
1280.137294
1278.952576
1280.376335
1291.865141
1279.516098
1295.598397
1290.742684
1287.857975
1283.886962
1272.648928
1273.261681
1283.477010
1288.239535
1286.952702
1282.455557
1269.513493
1271.025390
1289.481526
1287.723761
1263.756515
1293.863137
1293.032760
1290.536327
1288.883052
1274.012422
1277.383831
1270.752320
1247.962746
1297.101291
1280.489538
1268.680494
1259.848050
1266.339518
1270.067800
1279.748897
1285.983439
1278.534130
1293.742971
1277.456339
1282.533268
1269.998095
1258.163108
1281.914445
1268.514598
1281.037629
1274.809079
1240.228868
1241.936598
1276.834524
1253.056839
1277.680402
1286.900831
1282.032497
1286.190210
1289.825211
1290.913088
1273.862286
1285.319883
1270.235627
1280.705225
1272.860483
1279.815254
1281.656004
1292.638210
1267.289033
1289.947498
1306.749541
1290.404975
1290.754580
1281.048245
1268.433541
1281.894229
1267.730780
1265.308804
1285.450236
1277.772642
1289.614315
1286.271053
1275.885097
1289.724850
1275.269464
1280.319584
1290.349503
1276.166056
1294.626238
1279.543547
1294.897832
1291.846539
1286.035863
1278.815025
1286.182005
1289.463608
1280.951212
1275.204823
1291.142639
1269.705504
1269.179800
1276.440159
1272.236400
1293.504906
1287.123287
1292.252875
1269.593761
1281.326807
1280.543093
1282.586468
1285.755250
1276.495070
1295.396771
1289.794660
1277.779904
1300.926774
1271.964401
1279.705911
1283.553072
1279.638089
1263.992749
1268.927618
1258.488115
1277.714157
1283.032014
1267.103896
1275.129153
1297.239156
1279.205563
1282.632561
1292.449084
1276.695906
1268.861210
1258.696781
1264.145169
1284.099055
1277.499518
1282.716619
1275.785505
1287.564388
1273.854594
1298.408281
1280.195437
1271.419455
1285.102521
1290.309878
1267.971393
1266.585284
1273.587597
1264.572123
1274.373308
1280.887886
1274.569024
1276.420605
1276.395727
1288.398308
1273.872108
1274.778119
1270.785589
1276.915263
1277.011288
1284.714924
1278.631751
1276.887596
1280.867612
1284.619547
1283.504434
1266.185400
1283.173209
1286.179768
1279.362104
1282.106221
1274.331824
1294.714305
1276.455864
1268.575050
1268.571135
1262.616895
1297.515975
1291.180872
1274.534802
1276.786162
1279.220221
1287.739390
1280.648157
1289.906250
1275.635610
1270.537091
1259.451492
1288.622000
1292.420966
1300.698597
1289.141837
1284.259137
1286.513027
1302.107022
1283.347812
1271.361917
1286.751566
1272.944781
1290.025613
1293.192090
1276.677227
1291.946518
1274.021039
1283.545144
1282.398407
1286.863372
1284.081504
1291.347793
1287.432806
1260.201941
1265.424508
1268.913465
1273.730952
1267.206495
1276.755498
1294.595506
1269.110016
1271.527314
1280.034574
1290.751894
1296.867501
1282.664032
1286.108449
1299.516299
1275.658152
1270.318579
1280.333216
1283.729250
1282.023174
1281.056759
1286.471338
1283.379756
1276.272047
1292.338558
1285.732399
1289.818799
1280.921909
1286.037159
1287.097202
1278.382976
1281.127790
1284.826540
1285.776334
1292.984629
1265.480121
1272.775242
1286.625548
1276.454326
1263.678584
1302.533358
1283.686220
1297.440083
1291.628123
1284.613083
1306.993459
1290.277350
1275.591014
1289.540531
1284.747277
1272.436371
1281.509261
1270.470197
1288.277640
1293.367620
1281.923498
1277.245815
1296.150873
1281.907327
1295.395786
1267.732039
1274.320382
1264.820742
1277.435187
1263.222738
1267.039709
1276.819485
1275.933920
1259.198900
1285.227012
1279.266821
1265.797852
1302.763751
1266.247166
1270.464605
1290.179597
1278.096599
1276.263947
1282.655790
1282.275106
1294.040901
1287.830239
1261.875725
1269.296766
1274.534097
1285.985378
1280.572465
1281.885889
1256.704142
1264.616756
1283.763732
1277.395050
1276.616292
1272.439741
1273.586061
1284.511803
1271.662217
1275.870730
1289.898059
1317.517646
1303.765206
1283.826143
1274.904142
1266.252306
1283.609768
1282.035575
1273.236138
1284.578276
1262.138874
1275.340366
1272.688034
1278.749969
1294.164516
1280.790511
1278.248180
1272.117640
1271.713828
1265.873024
1283.156627
1285.948643
1266.429442
1267.354969
1268.544922
1272.021043
1274.679144
1288.171930
1287.008378
1282.161223
1286.814104
1274.701013
1291.944836
1270.272681
1273.717525
1287.197853
1286.127785
1272.041566
1284.414931
1289.112978
1275.926009
1277.112714
1277.214502
1295.665031
1289.537271
1266.041987
1285.118154
1276.286533
1277.193176
1265.032006
1248.976272
1273.001049
1286.867057
1279.511745
1278.741084
1277.797856
1295.012447
1291.309385
1291.475362
1288.423576
1285.968699
1286.773519
1301.780342
1286.476023
1271.849971
1293.389247
1289.225418
1292.817595
1275.473715
1272.412531
1277.419425
1279.580505
1283.144668
1278.452098
1277.281185
1289.047476
1272.704024
1314.007225
1299.024569
1313.588197
1289.748095
1300.954345
1287.118473
1266.041040
1270.437030
1287.502710
1295.865200
1283.736704
1290.082772
1276.646003
1271.159064
1264.522742
1294.146141
1289.225145
1272.532774
1276.059592
1274.811916
1260.528811
1292.722480
1282.483426
1264.437775
1266.077001
1279.742901
1292.790287
1281.555533
1282.596232
1275.383352
1274.685739
1299.240640
1289.690661
1275.794838
1275.900081
1272.426352
1290.880598
1287.714441
1284.328394
1274.555221
1280.341886
1268.338199
1283.163552
1291.358322
1283.346837
1278.063949
1264.042133
1290.713646
1280.233006
1279.306307
1283.754078
1280.768124
1287.902785
1263.045610
1290.047393
1286.032084
1276.794919
1294.982835
1276.468651
1294.923055
1269.849334
1290.010569
1282.488109
1267.784574
1276.806115
1286.134328
1266.694728
1293.769711
1281.931441
1282.235046
1283.182382
1283.151322
1294.178235
1292.726747
1269.075732
1285.318911
1282.270235
1276.863101
1270.428724
1272.138036
1271.978681
1269.497384
1272.027815
1280.692659
1284.676162
1287.504903
1298.344968
1270.815526
1278.342293
1296.290916
1286.661396
1284.811187
1272.771194
1274.818843
1272.896935
1275.954239
1265.375036
1263.795799
1270.532289
1284.429392
1296.911958
1280.328024
1267.774920
1283.040392
1272.599123
1273.527044
1277.971034
1262.480300
1273.802550
1262.780741
1299.372366
1284.142338
1283.070111
1289.709847
1280.409417
1281.100769
1282.636567
1286.443244
1278.424006
1265.616092
1287.972040
1273.343861
1288.323169
1298.410230
1297.095729
1290.518679
1281.867461
1278.291489
1276.161655
1271.035223
1287.964417
1281.976217
1291.441622
1275.919702
1278.654499
1278.475880
1278.825688
1245.749649
1276.809073
1288.709372
1286.789624
1292.537035
1295.222155
1299.177669
1288.245034
1293.221276
1281.820158
1279.640327
1283.565490
1281.148716
1281.348637
1278.289853
1287.618146
1285.423510
1292.954297
1284.341822
1286.836588
1282.437463
1290.800766
1280.440272
1280.940612
1272.185947
1282.900164
1276.052048
1275.778549
1286.100747
1242.119300
1283.962551
1269.891932
1275.920907
1281.988902
1298.822332
1289.908770
1274.802906
1295.954886
1266.375144
1291.549996
1279.810014
1271.287808
1277.259807
1283.184038
1299.926076
1271.278758
1279.987370
1260.602111
1294.874247
1288.055544
1281.426434
1285.996235
1290.836627
1280.272737
1293.186300
1274.584400
1277.472038
1271.774594
1266.288428
1256.396010
1288.477231
1271.127680
1269.958079
1280.278549
1291.938523
1292.039449
1279.700529
1271.588903
1296.110451
1277.356861
1271.693760
1281.603268
1272.110832
1275.431718
1275.762732
1279.042933
1285.332957
1304.548558
1295.850583
1287.381907
1288.286670
1288.434203
1295.747440
1263.806149
1283.393695
1303.094451
1292.151088
1269.317750
1281.637536
1285.151763
1265.332962
1285.781650
1287.486541
1283.823205
1261.609087
1271.891530
1285.948468
1281.122918
1286.902907
1270.836600
1273.772901
1271.497441
1276.826213
1267.464161
1250.968318
1291.768220
1276.097539
1279.067399
1291.964882
1285.626315
1280.299632
1291.223150
1287.422452
1289.596636
1292.293957
1275.232894
1273.878992
1288.812758
1290.016298
1278.897455
1281.313224
1276.991581
1284.024943
1279.700154
1282.353106
1289.219196
1272.481807
1297.672568
1274.053338
1280.383582
1276.738218
1287.281912
1286.119325
1281.490987
1302.342144
1291.929121
1293.202579
1287.106384
1266.982408
1282.743308
1294.847830
1289.628014
1293.067525
1293.598667
1290.919050
1278.177710
1287.723715
1291.828126
1272.545542
1274.188996
1274.830436
1291.106761
1286.978595
1289.741598
1276.086621
1271.887749
1257.835539
1271.434973
1257.776217
1272.994310
1289.387049
1277.784510
1285.890343
1280.489043
1270.072562
1270.019035
1287.669373
1290.216094
1291.256971
1294.876105
1284.047579
1285.912842
1278.093124
1294.521673
1280.045557
1286.795122
1290.233287
1294.981929
1277.050229
1284.549471
1278.174729
1295.873803
1290.895152
1284.767633
1281.316579
1266.004519
1291.094675
1303.215131
1282.570475
1257.399046
1273.826513
1274.036430
1264.587063
1269.032037
1273.554395
1273.568810
1285.163541
1280.239825
1287.921073
1285.002880
1273.667395
1279.363932
1288.489438
1284.150361
1282.534582
1294.776065
1294.862917
1285.147322
1282.297483
1279.486168
1277.990453
1265.421034
1281.099374
1264.953066
1287.370042
1292.322118
1287.479204
1276.760230
1290.300345
1268.764208
1280.021525
1278.556227
1269.033329
1284.237013
1289.956238
1281.567784
1275.121995
1274.622916
1269.244416
1284.376452
1284.787460
1280.022030
1292.558208
1288.346550
1272.614938
1255.210156
1285.173581
1280.826024
1272.677485
1292.995015
1284.852871
1262.881358
1284.764097
1286.259997
1292.448610
1281.606677
1273.076956
1296.618181
1286.887059
1266.870108
1271.375731
1286.455789
1282.196876
1284.142069
1282.003509
1285.766562
1285.261050
1280.778526
1272.477306
1264.766791
1289.991809
1281.737575
1289.090464
1272.127833
1289.712017
1287.815951
1281.969503
1268.944155
1278.545928
1268.579497
1289.964291
1275.760093
1263.269378
1300.781390
1315.787536
1298.640273
1311.128555
1297.876601
1307.422037
1301.041606
1291.577967
1298.098044
1282.611153
1296.223238
1306.897646
1300.963398
1282.718900
1293.508465
1282.709700
1290.474211
1282.928213
1283.125372
1283.284217
1293.774531
1283.625427
1275.156192
1280.498536
1242.921954
1281.888808
1292.897379
1279.187594
1297.450842
1271.266448
1271.864851
1283.074063
1280.557754
1288.559819
1290.064336
1269.036101
1298.947296
1293.086253
1287.043083
1262.158434
1310.084123
1289.552248
1280.385252
1271.745270
1272.514351
1283.003327
1273.115885
1283.005662
1287.894478
1284.006423
1299.288305
1292.016220
1287.590291
1284.280881
1283.481119
1290.324776
1278.693195
1274.887258
1271.450677
1277.635734
1282.692659
1288.038319
1275.469193
1282.857697
1276.387416
1275.608898
1278.060680
1278.484011
1294.227917
1281.657269
1282.063930
1285.894448
1278.266965
1308.227034
1282.419545
1296.077899
1269.111269
1276.932203
1247.229147
1269.432395
1264.389520
1265.288537
1271.199054
1265.963478
1266.650887
1263.972626
1271.459526
1276.785077
1293.828329
1286.450916
1272.238736
1274.580691
1277.842099
1289.436207
1288.195748
1264.556077
1280.968318
1282.997336
1285.387239
1263.154706
1270.884136
1291.417054
1285.779113
1280.757674
1283.666421
1299.504583
1289.494758
1280.400938
1286.840231
1288.406321
1278.517324
1269.547757
1283.910251
1260.908008
1270.347541
1276.441616
1282.175962
1281.299624
1290.053339
1291.757290
1277.383216
1288.204120
1282.874035
1286.894219
1289.271353
1284.712944
1276.025319
1294.730100
1314.605265
1272.830085
1263.512993
1277.350505
1285.971654
1296.263547
1291.276600
1304.922833
1289.539647
1280.213490
1286.956396
1292.977525
1284.612847
1270.100362
1274.468321
1287.070580
1283.106075
1282.847969
1282.063963
1279.522407
1275.929354
1283.378917
1285.934872
1288.438457
1278.865450
1284.945121
1294.159012
1298.017030
1283.714824
1286.708308
1276.279168
1286.943035
1272.726176
1291.648841
1277.585391
1275.378003
1275.140913
1283.330576
1278.030097
1280.959513
1287.000402
1290.017287
1274.079368
1286.957406
1272.041544
1274.373121
1278.009543
1291.843802
1285.098078
1279.997334
1275.740702
1292.710829
1292.380543
1302.510101
1271.986569
1287.881656
1279.863376
1286.003554
1293.089175
1269.246382
1291.270446
1285.352637
1295.276057
1262.923300
1255.666076
1298.017181
1258.989689
1291.273866
1280.985328
1286.863297
1285.242477
1292.381223
1283.074862
1292.064237
1295.969277
1292.924874
1301.106886
1287.386498
1273.504478
1267.955215
1278.736422
1232.594452
1282.685846
1287.368482
1280.299977
1273.859139
1270.441974
1279.109883
1265.202141
1259.047325
1283.718092
1251.626476
1262.785012
1268.232075
1241.414530
1285.573662
1285.617318
1276.108847
1285.901388
1290.575170
1292.308394
1282.399952
1264.015118
1271.559069
1278.078374
1288.129460
1281.423758
1263.273575
1289.872615
1280.658173
1276.503389
1296.583075
1290.565904
1289.854366
1293.978074
1287.793172
1284.140453
1278.850192
1291.552316
1272.073148
1285.034976
1305.893007
1279.166747
1268.071315
1260.154011
1279.679064
1285.594131
1280.653438
1294.586302
1311.742681
1287.184620
1300.682362
1281.293836
1288.060074
1286.623425
1284.332019
1273.769266
1272.207908
1274.991648
1269.295441
1292.941764
1283.972420
1276.002187
1262.386981
1271.585473
1286.307971
1288.917382
1287.505025
1280.351537
1281.634188
1282.253683
1294.344153
1287.509025
1288.312861
1288.074037
1283.089912
1281.783643
1290.485477
1261.799469
1257.673244
1251.449238
1266.700621
1271.358492
1290.685257
1273.459317
1273.388393
1255.819551
1264.870999
1275.903702
1282.800563
1272.649839
1272.656991
1285.135542
1288.457190
1269.949522
1268.926449
1281.681845
1278.970270
1270.719576
1268.285061
1256.482809
1278.890089
1291.132761
1278.314440
1293.456339
1278.381004
1276.107868
1273.007509
1289.013138
1277.033504
1272.650522
1285.965244
1278.721713
1281.381630
1270.349410
1274.246455
1285.866993
1292.848859
1279.318019
1281.022679
1279.009022
1258.718141
1267.511382
1274.965629
1262.228621
1275.429064
1278.492565
1287.370440
1295.803854
1275.008327
1272.937611
1278.780558
1269.198063
1287.555258
1269.342599
1296.219989
1287.696397
1283.303003
1273.832301
1261.795873
1265.606065
1266.422281
1260.701551
1267.701924
1259.107792
1289.702886
1283.688449
1290.102524
1287.766994
1288.048857
1274.558248
1272.383086
1294.145310
1297.560318
1275.296780
1304.945165
1276.699284
1269.167507
1271.667721
1272.614578
1272.782309
1281.707211
1290.167355
1289.548239
1297.038285
1269.659283
1285.422428
1269.945372
1268.127181
1283.115194
1277.287676
1275.433695
1271.305265
1267.109583
1284.326524
1276.950759
1276.938771
1281.662680
1256.643887
1274.386121
1283.692443
1272.721779
1287.685373
1276.601563
1282.501248
1264.127996
1258.224291
1288.968257
1283.667478
1294.234237
1274.982912
1269.101662
1274.439442
1288.947669
1263.849718
1284.400252
1280.537485
1283.036227
1277.527718
1266.650853
1267.323214
1258.444368
1281.531578
1284.081026
1317.236072
1285.322381
1270.675627
1267.710393
1265.010758
1260.870817
1271.648447
1268.987694
1254.207512
1264.132579
1273.730569
1284.865375
1273.272398
1290.045913
1273.362290
1285.612842
1297.598065
1283.003650
1281.780424
1280.724016
1280.979225
1278.360442
1286.190141
1291.030953
1271.895943
1272.327072
1262.472307
1251.319243
1284.289639
1290.626991
1282.571106
1278.686240
1305.328435
1288.998291
1286.119152
1274.871947
1273.357384
1295.809905
1294.394045
1293.254281
1285.125046
1274.587120
1251.819269
1278.844902
1286.651445
1270.149898
1291.756305
1293.511518
1303.597696
1285.916235
1264.365802
1280.466331
1277.344162
1286.136642
1280.120527
1283.880065
1305.822963
1277.585827
1281.592916
1275.157480
1285.579463
1279.224110
1271.953200
1278.349878
1286.511315
1282.361184
1271.329003
1274.334398
1276.148474
1280.133907
1275.026036
1282.819538
1290.800090
1279.865696
1282.358821
1276.919564
1281.077172
1287.800936
1294.100184
1273.917212
1279.845959
1286.584405
1269.352124
1272.298102
1279.467183
1278.827275
1280.949616
1278.059464
1275.511603
1292.898161
1276.244533
1284.353550
1287.044072
1294.070894
1275.910113
1282.613670
1291.087071
1281.248846
1269.372833
1297.242133
1268.219615
1258.472065
1287.832870
1292.303037
1278.591147
1257.460506
1265.637823
1229.628875
1275.006994
1272.114108
1255.857925
1282.515300
1282.988823
1281.201463
1274.751888
1269.586266
1283.754184
1282.501761
1279.133493
1283.572062
1274.950116
1259.835381
